1 2 3 4 5
6 7
1 2 3 5
1 2 3 5 10 11
14 15
1 2 3 5 11
1 2 3 5 16 17
1 2 3 5 11 28 29
1 2 3 5 17 33
2 3 5
1 2 3 5 17
1 2 3 5 16 17 56
1 2 3 5 19
1 2 3 5 16 17 76
1 2 3 5 11 28 29 78 79
1 2 3 5 16 17 27 50
1 2 3 5 16 17 27
5
1 2 3 5 11 123
2 3 5 11
7 14 15 22
1 2 3 5 19 83
1 2 3 5 17 131
1 2 3 5 16 17 113
1 2 3 5 17 33 83 133 299
1 2 3 5 19 83 502
1 2 3 5 11 492
1 2 3 11 312 470 506 531 571 572
1 2 3 11 312 470 506 571 572
1 2 3 5 16 17 27 50 193 334 495 532 608
1 2 3 5 19 83 196
1 2 3 5 10 11 114 183 185 221 307
1 2 3 5 16 17 27 50 193 334 495 532 608 612 623
1 2 3 5 7 16 17 27 50 193 334 495 532 608 627
1 2 3 5 16 17 56 178 421
1 2 3 5 239 242 282 317 403 452 554 631
1 2 3 5 239 282 317 403 452 554 631
1 2 3 5 17 33 83 128 133 215 299 601
1 2 3 5 11 177 279 365 385 430 506
1 2 3 5 6 11 177 279 365 385 430 506
1 2 3 4 5 193 248 424 438 457 541 596 640
1 2 3 5 17 131 206
1 2 3 5 7 16 17 27 50 193 334 495 608 627
1 2 3 5 19 20 91 99 243 374 461 485 551 563 566 632 644
1 2 3 5 194 239 282 317 349 403 452 554 624 631 645
1 2 3 5 100 239 242 282 317 321 403 452 554 631
1 2 3 5 16 17 27 50 193 334 495 608
1 2 3 5 19 83 259 286 620
1 2 3 5 239 242 282 317 321 403 452 554 631
1 2 3 5 17 33 133 163 219 302 341 405 528 531 559 575 579 592 641 654 655
1 2 3 5 239 282 317 403 452 464 467 554 631 656
1 2 3 5 17 33 133 163 219 302 341 405 528 531 559 575 579 641 654 655
1 2 3 5 96 239 242 282 317 321 403 452 554 631
1 2 3 5 239 242 253 282 317 403 452 554 631
1 2 3 5 35 100 239 242 282 317 321 403 452 554 631
1 2 3 5 19 20 91 99 243 374 440 461 485 551 563 566 632 644
1 2 3 5 100 239 242 282 317 321 403 429 452 554 631
1 2 3 5 194 239 282 317 403 452 554 624 631 645
1 2 3 5 7 16 17 27 50 171 193 334 495 532 608 627
1 2 3 5 7 16 17 27 50 72 171 193 334 495 532 608 627
1 2 3 5 7 16 17 27 50 171 193 255 334 495 532 608 627
1 2 3 5 17 33 133 163 219 302 341 375 405 528 531 559 575 579 641 654 655
1 2 3 5 16 17 27 50 193 334 385 495 532 608
1 2 3 5 100 150 239 242 282 317 321 403 452 554 631
1 2 3 5 100 218 239 242 282 317 321 403 429 452 554 631
1 2 3 5 31 116 239 242 282 317 403 452 554 631
1 2 3 5 19 83 241 327 502
1 2 3 5 11 42 68 103 228 238 264 295 310 327 329 353 422 468 496 563 570 673 679 680 681 682
1 2 3 5 11 42 68 103 228 238 264 295 310 327 329 353 418 422 468 496 563 570 673 679 680 681 682 685
1 2 3 5 17 33 48 49 117 211
1 2 3 5 11 42 68 103 228 238 264 265 295 310 327 329 353 422 468 496 563 570 673 679 680 681 682 685
1 2 3 5 239 242 282 301 317 321 403 452 472 554 631
1 2 3 5 11 83 240 563
1 2 3 5 19 20 91 97 99 105 174 187 209 211 243 274 374 383 461 463 485 551 563 566 632 637 644
1 2 3 5 18 90 100 242 282 291 317 321 403 452 554 631
1 2 3 5 239 242 282 300 301 317 321 403 452 472 554 631
1 2 3 5 11 42 68 103 144 228 238 264 265 295 310 327 329 353 422 468 496 563 570 673 679 680 681 682 685
1 2 3 5 11 42 68 103 228 238 264 295 310 327 329 353 422 468 496 536 563 570 673 679 680 681 682 685
1 2 3 5 11 42 68 103 228 238 264 295 310 327 329 353 422 468 496 563 570 673 679 680 681 682 685
1 2 3 5 16 17 27 50 193 334 495 528 532 608 612 623
1 2 3 5 10 11 39 211 297
1 2 3 5 10 11 39 62 117 158 211 297 427
1 2 3 5 11 42 68 103 228 238 264 295 310 327 329 353 418 422 468 493 496 563 570 673 679 680 681 682 685
1 2 3 5 11 42 68 103 228 238 264 295 310 327 329 353 418 422 435 468 493 496 563 570 673 679 680 681 682 685
1 2 3 5 11 42 68 103 144 228 238 264 265 295 310 327 329 353 358 422 468 496 563 570 673 679 680 681 682 685
1 2 3 5 11 42 68 103 228 238 264 295 310 327 329 353 422 468 479 496 563 570 673 679 680 681 682 685
1 2 3 5 11 42 68 103 121 228 238 264 295 310 327 329 353 422 468 496 563 570 673 679 680 681 682 685
1 2 3 5 11 42 68 103 228 238 264 295 310 327 329 353 418 422 468 496 563 570 588 673 679 680 681 682 685
1 2 3 5 11 42 68 103 228 238 264 295 310 327 329 353 422 468 496 536 563 570 617 673 679 680 681 682 685
1 2 3 5 16 17 30 160 278 324 344 382 426 520 522 545 611 650 688 697 698
1 2 3 5 11 42 68 103 228 238 264 295 310 327 329 353 418 422 454 468 496 563 570 673 679 680 681 682 685 699
1 2 3 5 11 42 68 103 148 228 238 264 295 310 327 329 353 422 468 496 536 563 570 573 673 679 680 681 682 685 700
1 2 3 5 11 42 68 84 103 228 238 264 295 310 327 329 353 468 496 536 563 570 673 679 680 681 682 685 693
1 2 3 5 11 42 68 103 182 228 238 264 295 310 327 329 353 415 422 468 496 536 563 570 673 679 680 681 682 685
1 2 3 5 11 42 68 103 228 238 264 295 310 327 329 353 418 422 468 496 563 570 591 673 679 680 681 682 685
1 2 3 5 11 42 68 103 228 238 264 295 310 327 329 353 418 422 454 468 496 563 570 673 679 680 681 682 685
1 2 3 5 11 42 68 103 228 238 264 295 310 327 329 333 353 422 468 496 563 570 673 679 680 681 682 685
1 2 3 5 11 42 68 103 228 238 264 265 295 310 327 329 353 422 468 496 503 563 570 602 673 679 680 681 682 685
1 2 3 5 11 42 68 103 228 238 264 295 310 327 329 353 422 468 496 563 570 617 673 679 680 681 682 685
1 2 3 5 197 239 242 282 301 317 321 403 452 472 554 631
2 3 5 11 42 68 103 228 238 264 295 310 327 329 353 422 468 496 563 570 673 679 680 681 682 685
1 2 3 5 16 17 30 160 278 324 344 382 426 466 520 522 545 611 650 688 697 698
1 2 3 5 11 42 68 103 182 228 238 264 295 310 327 329 353 409 415 422 468 496 536 563 570 673 679 680 681 682 685
1 2 3 5 11 42 68 103 110 228 238 264 295 310 327 329 353 422 468 496 563 570 673 679 680 681 682 685
1 2 3 5 11 42 64 68 103 228 238 264 295 310 327 329 353 422 468 496 563 570 673 679 680 681 682 685
1 2 3 5 11 42 68 71 103 228 238 264 295 310 327 329 353 418 422 468 496 563 570 673 679 680 681 682 685
1 2 3 5 11 42 68 103 228 264 295 310 327 329 353 422 468 496 563 570 673 679 680 681 682 685
1 2 3 5 11 42 68 94 103 228 238 264 295 310 327 329 353 418 422 468 496 563 570 673 679 680 681 682 685
1 2 3 5 11 42 52 68 103 228 238 264 295 310 327 329 346 353 379 422 468 496 563 570 587 673 679 680 681 682 685
1 2 3 5 11 42 52 58 68 103 228 238 264 295 310 327 329 346 353 379 422 468 496 563 570 587 673 679 680 681 682 685
1 2 3 5 16 17 30 160 211 278 320 324 344 382 406 426 520 522 545 611 650 688 697 698
1 2 3 5 11 13 42 68 103 228 238 264 295 310 327 329 353 422 468 496 563 570 673 679 680 681 682 685 706
1 2 3 5 11 42 68 103 149 228 238 264 295 310 327 329 353 422 468 496 563 570 673 679 680 681 682 685
1 2 3 5 11 42 68 103 228 238 264 295 310 327 329 353 422 468 496 563 570 673 679 680 681 685
1 2 3 5 11 101 211 276 318 325 369 519 584
1 2 3 5 11 42 67 68 103 228 238 264 295 310 327 329 353 418 422 449 468 496 563 570 588 673 679 680 681 682 685
1 2 3 5 11 42 68 103 132 228 238 264 265 295 310 327 329 353 422 468 496 563 570 673 679 680 681 682 685
1 2 3 5 11 42 68 103 228 238 248 264 295 310 327 329 353 422 468 496 563 570 673 679 680 681 682 685
1 2 3 5 11 42 68 103 182 228 238 264 295 310 327 329 353 409 415 422 468 496 536 563 570 673 679 680 681 682 685 689
1 2 3 5 11 42 68 103 182 228 238 264 295 310 312 327 329 353 415 422 468 496 536 563 570 619 673 679 680 681 682 685
1 2 3 5 11 42 68 103 175 228 238 264 295 310 327 329 333 353 422 468 496 563 570 673 679 680 681 682 685
1 2 3 5 11 42 68 100 103 228 238 264 295 310 327 329 353 422 468 496 563 570 673 679 680 681 682 685
1 2 3 5 11 42 68 103 148 228 238 264 295 310 327 329 353 422 468 496 536 563 570 600 673 679 680 681 682 685 700
1 2 3 5 11 42 68 103 228 238 264 295 310 327 329 353 422 468 496 563 570 602 673 679 680 681 682 685
1 2 3 5 42 68 103 228 238 240 264 295 310 327 329 353 422 468 496 536 563 570 617 673 679 680 681 682 685
1 2 3 5 11 42 68 103 228 238 264 295 310 327 329 353 387 422 468 496 563 570 673 679 680 681 682 685
1 2 3 5 11 42 68 103 228 238 264 295 310 327 329 353 422 468 483 496 563 570 673 679 680 681 682 685
1 2 3 5 11 42 68 103 228 238 264 295 310 327 329 353 422 468 496 563 570 673 679 680 681 682 685 706
1 2 3 5 16 17 27 50 100 193 334 495 532 608
1 2 3 5 16 17 27 50 193 262 334 495 532 608
1 2 3 5 16 17 30 160 274 278 344 426 545 688 698 705 714
1 2 3 5 11 42 64 68 103 162 228 238 264 295 310 327 329 353 422 468 496 563 570 673 679 680 681 682 685
1 2 3 5 11 42 68 103 169 228 238 264 295 310 327 329 353 422 468 496 563 570 673 679 680 681 682 685
1 2 3 5 11 42 68 103 182 228 238 264 295 310 327 329 353 415 422 468 496 536 560 563 570 673 679 680 681 682 685 690
1 2 5 30 68 122 157 217 235 269 311 468 481 584 625 674 715
1 2 3 5 11 42 68 103 228 238 264 295 310 327 329 353 394 422 468 496 536 563 570 617 673 679 680 681 682 685
1 2 3 5 11 42 68 103 228 238 256 264 295 305 310 327 329 353 418 422 468 493 496 563 570 673 679 680 681 682 685
1 2 3 5 16 17 58 193 201 204 391 434 447 468 498 546 584 652 707 708
1 2 3 5 11 42 68 85 103 228 238 264 295 310 327 329 353 422 468 496 563 570 673 679 680 681 682 685
1 2 3 5 9 16 17 58 201 204 390 391 447 468 482 498 509 531 549 593 614 648 652 653 707 708
1 2 3 5 10 11 39 53 211 297
1 2 3 5 8 11 42 52 58 68 103 228 238 264 295 310 327 329 346 353 379 422 468 496 563 567 570 587 673 679 680 681 682 685
1 2 3 5 8 11 42 52 58 68 103 228 238 264 295 310 327 329 346 353 379 422 468 483 496 563 567 570 587 673 679 680 681 682 685
1 2 3 5 11 42 68 103 228 238 264 295 310 327 329 333 353 422 468 496 563 570 595 673 679 680 681 682 685
1 2 3 5 11 123 153 194 213 327 328 352 397 504 523 543 586 610
1 2 3 5 11 42 68 103 228 238 264 295 310 327 329 353 422 468 496 536 563 570 617 636 673 679 680 681 682 685
1 2 3 5 11 123 153 194 213 327 328 352 359 504 523 543 586 610
1 2 3 5 11 33 57 73 74 123 162 296 417 437 501 550 584 589 652 689
1 2 3 5 11 42 68 103 228 238 244 264 295 310 327 329 353 422 468 496 563 570 673 679 680 681 682 685
1 2 3 5 40 135 179 276 303 323 336 337 363 442 466 468 473 478 486 539 556 568 569 570 584 647 694 720 721 722
1 2 3 5 40 135 179 276 303 323 336 337 363 442 466 468 473 478 486 539 556 568 569 570 584 647 694 712 720 721 722
1 2 3 5 16 17 30 68 214 260 343 371 391 404 426 434 447 451 468 490 499 597 652 657 666 707
1 2 3 5 11 42 68 103 148 228 233 238 264 295 310 327 329 353 422 468 496 536 563 570 600 673 679 680 681 682 685 700
1 2 3 5 11 42 68 69 103 182 228 238 264 295 310 327 329 353 415 422 468 496 536 563 570 673 679 680 681 682 685
1 2 3 5 11 42 68 103 150 228 238 264 295 310 327 329 333 353 422 468 496 563 570 673 679 680 681 682 685
1 2 3 5 11 42 59 68 69 103 182 228 238 264 295 310 327 329 353 415 422 468 496 536 563 570 673 679 680 681 682 685
1 2 3 5 11 42 68 103 228 238 254 264 295 310 327 329 353 418 422 468 496 563 570 673 679 680 681 682 685
1 2 3 5 11 42 68 103 228 238 244 264 295 310 327 329 353 394 422 468 496 536 563 570 617 626 673 679 680 681 682 685
1 2 3 5 11 42 68 103 228 238 264 295 310 327 329 353 394 422 468 496 536 563 570 617 626 673 679 680 681 682 685
1 2 3 5 11 42 68 103 228 238 264 295 310 327 329 422 468 496 563 570 673 679 680 681 682 685
1 2 3 5 11 42 68 69 103 182 228 238 264 295 310 327 329 353 415 422 468 496 536 563 570 665 673 679 680 681 682 685 716
1 2 3 5 42 68 103 228 238 264 295 304 310 327 329 353 422 468 496 536 563 570 617 673 679 680 681 682 685 703
1 2 3 5 11 42 68 103 132 228 238 248 264 265 295 310 327 329 353 422 468 496 563 570 673 679 680 681 682
1 2 3 5 11 42 68 103 228 238 264 295 310 327 329 333 353 422 439 468 496 563 570 673 679 680 681 682 685
1 2 3 5 42 68 103 228 238 264 295 304 310 327 329 353 422 468 496 536 563 570 617 673 679 680 681 682 685
1 2 3 5 11 42 68 103 182 228 238 264 295 310 327 329 353 415 422 468 496 536 563 570 673 679 680 681 682 685 690
1 2 3 5 16 17 29 54 58 193 201 204 391 434 447 468 498 531 546 652 707 708
1 2 3 5 11 42 68 103 176 228 238 264 265 295 310 327 329 346 353 422 468 496 563 570 673 679 680 681 682 685
5 68 496 563 570
1 2 3 5 11 12 42 63 68 103 181 228 238 264 295 310 327 329 353 418 422 468 496 563 570 588 673 679 680 681 682 685
1 2 3 5 42 68 103 228 238 264 295 304 310 327 329 353 422 468 496 536 563 570 617 646 673 679 680 681 682 685 701 703
1 2 3 5 11 42 43 68 103 228 238 264 295 310 327 329 353 422 468 496 536 563 570 617 673 679 680 681 682 685
1 2 3 5 68 112 127 184 204 327 356 451 468 511 584 674
1 2 3 5 11 42 68 103 132 228 238 248 264 265 295 310 327 329 353 422 468 496 563 570 673 679 680 681 682 685
1 2 3 5 42 68 93 103 228 238 264 295 304 310 327 329 353 422 468 496 536 563 570 617 673 679 680 681 682 685 703
1 2 3 5 11 12 42 63 68 103 181 228 238 264 295 310 327 329 353 418 422 468 496 516 563 570 588 673 679 680 681 682 685
1 2 3 5 11 42 68 103 228 238 264 288 295 310 327 329 353 422 468 496 563 570 673 679 680 681 682 685
1 2 3 5 11 42 68 103 182 206 228 238 264 295 310 327 329 353 415 422 468 496 536 563 570 673 679 680 681 682 685
1 2 3 5 12 16 17 58 193 201 204 391 434 447 468 498 546 584 652 707 708
1 2 3 5 11 42 59 68 69 103 182 228 238 264 295 310 327 329 353 415 416 422 468 496 536 563 570 673 679 680 681 682 685
1 2 3 5 11 42 68 103 228 238 264 295 310 327 329 418 422 468 496 563 570 673 679 680 681 682 685 699
1 2 3 5 11 42 68 103 228 238 264 295 310 327 329 353 394 422 468 480 496 536 563 570 617 626 673 679 680 681 682 685
1 2 3 5 11 42 68 103 228 238 264 295 310 327 329 353 394 422 468 480 496 536 563 570 605 617 626 673 679 680 681 682 685
1 2 3 5 11 42 59 68 69 94 103 182 228 238 264 295 310 327 329 353 415 416 422 468 496 536 563 570 673 679 680 681 682 685
1 2 3 5 11 42 68 103 228 238 264 265 295 310 327 329 353 422 468 496 519 563 570 673 679 680 681 682 685
1 2 3 5 11 24 42 68 103 164 228 238 264 295 310 327 329 353 422 479 496 563 570 673 679 680 681 682 685
1 2 3 5 11 42 68 103 126 228 238 264 295 310 327 329 353 422 468 496 563 570 673 679 680 681 682 685
1 2 3 5 11 42 68 85 103 182 228 238 264 271 295 310 327 329 353 415 422 468 496 536 563 570 673 679 680 681 682 685 690
1 2 3 5 42 68 103 228 238 264 295 310 327 329 353 422 468 496 563 570 617 673 679 680 681 682 685 703
1 2 3 5 42 68 103 228 238 264 295 310 327 329 353 422 456 468 478 496 536 563 570 617 673 679 680 681 682 685
1 2 3 5 11 42 68 103 228 238 264 295 310 327 329 339 353 418 422 468 496 563 570 591 673 679 680 681 682 685
1 2 3 5 11 42 68 103 228 238 264 295 310 327 329 353 405 422 468 496 563 570 673 679 680 681 682 685
1 2 4 5 9 168 175 251 306 468 486 492 584 652 674
1 2 3 5 11 42 67 68 103 124 228 238 264 295 308 310 327 329 353 418 422 449 468 496 563 570 588 673 679 680 681 682 685
1 2 3 5 11 42 68 69 85 103 182 228 238 264 295 310 327 329 353 415 422 468 496 536 563 570 673 679 680 681 682 685
1 2 3 5 11 18 42 68 103 119 182 228 238 264 287 295 310 327 329 353 415 422 468 496 536 563 570 619 673 679 680 681 682 685
1 2 3 5 42 68 103 228 238 248 264 295 304 310 327 329 353 422 468 496 536 563 570 617 673 679 680 681 682 685 703
1 2 3 5 11 42 68 71 84 103 228 238 264 295 310 327 329 353 418 422 468 496 563 570 673 679 680 681 682 685
1 2 3 5 40 135 179 276 303 323 336 337 363 442 465 466 468 473 478 486 539 556 568 569 570 584 606 607 647 694 720 721 722
1 2 3 5 11 42 68 103 144 180 191 207 228 238 264 265 295 310 327 329 331 353 422 468 563 570 673 679 680 681 682 685
1 2 3 5 11 42 68 103 228 238 264 295 310 327 329 353 418 422 468 469 496 563 570 591 673 679 680 681 682 685
1 2 3 5 40 135 179 276 303 323 336 337 363 396 442 466 468 473 478 486 534 539 556 568 569 570 584 647 694 720 721 722
5 40 570 584
1 2 3 5 55 144 153 170 171 212 261 293 348 378 420 426 439 448 477 484 529 538 558 610 628 638 639 652 658 662 670 674 691 717 736
1 2 3 5 55 80 144 171 212 252 261 293 348 354 378 426 451 452 477 525 529 610 638 652 662 670 674 691 710 717 736
1 2 3 5 55 80 144 171 212 252 261 293 332 348 354 378 426 451 452 477 525 529 610 638 652 662 670 674 691 710 717 736
1 2 3 5 11 42 68 103 173 228 238 264 295 310 327 329 353 422 468 496 536 563 570 617 673 679 680 681 682 684 685
1 2 3 5 11 42 68 103 224 228 238 264 295 310 327 329 353 405 422 468 496 563 570 663 673 679 680 681 682 685
1 2 3 5 55 144 153 170 171 212 261 293 348 378 420 426 439 448 484 529 538 558 610 628 638 639 652 658 662 670 674 691 717 736
1 2 3 5 55 80 144 171 212 252 261 293 348 354 378 426 451 452 525 529 610 638 652 662 670 674 691 710 717 736
1 2 3 5 55 144 153 170 171 204 212 261 293 348 378 420 426 439 448 477 484 529 538 558 610 628 638 639 652 658 662 670 674 691 717 736
1 2 3 5 55 144 153 170 171 212 261 293 348 378 420 426 439 448 477 484 529 538 558 610 628 638 639 652 658 662 667 670 674 691 717 736
1 2 3 5 55 144 153 170 171 212 261 293 348 351 378 420 426 439 448 477 484 529 538 558 610 628 638 639 652 658 662 670 674 691 717 736
1 2 3 5 55 144 153 170 171 189 204 212 261 293 348 378 420 426 439 448 477 484 529 538 558 610 628 638 639 652 658 662 669 670 674 691 717 736
1 2 3 5 80 144 171 212 252 261 293 348 354 378 426 451 452 477 525 529 610 638 652 670 674 691 710 717 736 737
1 2 3 5 18 55 75 96 144 153 170 171 212 261 293 348 378 420 426 439 448 484 529 538 558 610 628 638 639 652 658 662 670 674 691 717 736 738
1 2 3 5 55 81 144 153 170 171 212 261 293 348 351 378 420 426 439 448 477 484 529 538 558 610 628 638 639 652 658 662 670 674 691 717 736
5 68 228 327 496 563 570
1 2 3 5 55 144 153 170 171 212 261 293 348 351 378 420 426 439 448 484 529 538 558 610 628 638 639 652 658 662 670 674 691 717 736
1 2 3 5 55 144 153 170 171 189 204 212 261 293 348 378 420 426 439 448 477 484 529 538 558 610 628 638 639 652 658 662 670 674 691 717 736
5 68 327 496 563 570
5 426 477 610 662 670 736
1 2 3 5 55 144 153 170 171 212 261 293 348 378 420 426 439 448 477 484 488 529 538 558 610 628 638 639 652 658 662 670 674 691 709 717 736
1 2 3 5 55 144 153 170 171 212 261 293 348 378 420 426 439 448 484 488 529 538 558 610 628 638 639 652 658 662 670 674 691 709 717 736
1 2 3 5 55 80 144 171 212 252 261 293 332 348 354 378 426 451 452 525 529 610 638 652 662 670 674 691 710 717 736
1 2 3 5 55 144 153 170 171 204 212 261 293 348 378 420 426 439 448 484 529 538 558 610 628 638 639 652 658 662 670 674 691 717 736
1 2 3 5 18 55 75 96 144 153 171 212 261 293 348 378 420 426 439 448 477 484 529 538 558 610 628 638 639 652 658 662 670 674 691 717 736 738
1 2 3 5 55 144 153 170 171 189 204 212 261 293 348 378 420 426 439 448 477 484 507 529 538 558 610 628 638 639 652 658 662 669 670 674 691 717 736
1 2 3 5 55 144 153 170 171 189 212 261 293 348 378 420 426 439 448 484 529 538 558 610 628 638 639 652 658 662 669 670 674 691 717 736
1 2 3 5 42 68 103 228 238 264 295 304 310 327 329 353 393 401 422 468 496 536 563 570 617 673 679 680 681 682 685 703
1 2 3 5 55 144 153 170 171 189 204 212 261 293 348 378 420 426 439 448 484 529 538 558 610 628 638 639 652 658 662 670 674 691 717 736
1 2 3 5 55 144 153 170 171 189 212 261 293 348 378 420 426 439 448 484 529 538 558 610 628 638 639 652 658 662 670 674 691 717 736
1 2 3 5 55 144 153 170 171 189 204 212 261 293 348 378 420 426 439 448 484 529 538 558 610 628 638 639 652 658 662 669 670 674 691 717 736
1 2 3 5 55 144 153 170 171 189 204 212 261 293 348 378 420 426 439 448 477 484 529 538 558 610 628 633 638 639 652 658 662 669 670 674 691 717 736
1 2 3 5 18 55 75 96 144 153 170 171 212 261 293 348 378 420 426 439 448 477 484 529 538 558 610 628 638 639 652 658 662 670 674 691 717 736 738
1 2 3 5 55 144 153 170 171 212 261 293 348 378 420 426 439 448 484 529 538 558 610 628 638 639 652 658 662 670 674 691 717 726 736 740
1 2 3 5 55 144 153 171 204 212 261 293 348 378 420 426 439 448 477 484 529 538 558 610 628 638 639 651 652 658 662 670 674 691 717 736 742
1 2 3 5 55 81 144 153 170 171 212 261 293 348 351 378 420 426 439 448 484 529 538 558 610 628 638 639 652 658 662 670 674 691 717 736
1 2 3 5 144 153 170 171 189 204 212 261 293 348 378 420 426 439 448 477 484 529 538 558 610 628 638 639 652 658 662 669 670 674 691 717 736
1 2 3 5 55 144 153 170 171 189 212 261 293 348 378 420 426 439 448 484 529 538 558 610 628 633 638 639 652 658 662 669 670 674 691 717 736
2 3 5 55 153 170 171 189 204 212 261 293 348 378 420 426 439 448 477 484 529 538 558 610 628 638 639 652 658 662 670 674 691 717 736
1 2 3 5 37 55 144 153 170 171 189 204 212 261 293 348 378 420 426 439 448 477 484 529 538 558 610 628 638 639 652 658 662 670 674 691 717 736
1 2 3 5 55 144 153 171 212 261 293 348 378 420 426 439 448 484 529 538 558 610 628 638 639 651 652 658 662 670 674 691 717 736 742
1 2 3 5 144 153 170 171 212 261 293 348 378 420 426 428 439 448 484 529 538 552 558 610 628 638 639 652 658 662 670 674 686 691 717 736
1 2 3 5 55 144 153 170 171 204 212 261 293 330 348 378 420 425 426 439 448 484 529 538 558 610 628 638 639 652 658 662 670 674 691 717 736
1 2 3 5 55 144 153 170 171 212 261 293 348 378 420 426 439 448 477 484 529 530 538 558 610 628 638 639 652 658 662 670 674 691 717 726 736 740
1 2 3 5 8 11 42 52 58 68 103 186 228 238 264 295 310 327 329 346 353 379 422 468 496 563 567 570 587 673 679 680 681 682 685
1 2 3 5 55 144 153 170 171 189 204 212 261 293 348 378 420 426 439 448 484 529 538 558 610 628 638 639 652 658 662 670 674 691 717 733 736
2 3 5 55 153 170 171 189 204 212 261 293 348 378 420 426 439 448 477 484 529 538 558 610 628 638 639 652 658 662 669 670 674 691 717 736
1 2 3 5 55 144 153 170 171 212 261 293 338 348 378 420 426 439 448 477 484 529 538 558 610 628 638 639 652 658 662 667 670 674 691 717 736
1 2 3 5 55 144 153 170 171 189 212 261 293 348 378 420 426 439 448 484 529 538 558 610 628 638 639 652 658 662 670 674 691 717
1 2 3 5 55 144 153 170 171 189 204 212 261 293 348 378 420 426 439 448 477 484 529 538 558 610 628 638 639 652 658 662 670 674 717 736
1 2 3 5 55 144 153 170 171 189 204 212 261 293 348 378 420 426 439 448 484 529 538 558 610 628 638 639 652 658 662 669 670 674 691 717 733 736
1 2 3 5 55 144 153 170 171 212 261 293 348 378 395 420 426 439 448 477 484 500 529 538 558 610 621 628 638 639 652 658 662 670 674 696 717 724 736 744
1 2 3 5 55 144 153 170 171 212 261 293 348 378 420 426 439 448 484 529 530 538 558 610 628 638 639 652 658 662 670 674 691 717 726 736 740
1 2 3 5 8 55 144 153 170 171 212 231 261 293 348 378 420 426 439 448 477 484 529 535 538 558 610 628 638 639 652 658 662 670 674 691 717 736
1 2 3 5 55 144 153 170 171 189 212 261 293 348 378 420 426 439 448 484 507 529 538 558 610 628 638 639 652 658 662 670 674 691 717 736
1 2 3 5 55 144 153 170 171 189 204 212 261 293 348 378 420 426 439 448 477 484 507 529 538 558 610 628 638 639 652 658 662 670 674 691 717 736
1 2 3 5 18 55 75 144 153 170 171 212 261 293 348 378 420 426 439 448 477 484 529 538 558 574 610 628 638 639 652 658 662 670 674 691 717 736 738
1 2 3 5 55 144 153 170 171 189 204 212 261 293 340 348 378 420 426 439 448 477 484 529 538 558 610 628 638 639 652 658 662 670 674 691 717 736
1 2 3 5 144 153 170 171 189 204 212 261 293 348 378 420 426 439 448 477 484 529 538 558 610 628 638 639 652 658 662 670 674 691 717 736
1 2 3 5 55 80 144 212 252 260 261 293 301 348 354 378 426 451 452 525 529 610 638 649 652 662 670 674 691 710 717 736
1 2 3 5 18 55 75 144 153 170 171 212 261 293 348 378 420 426 439 448 484 529 538 558 574 610 628 638 639 652 658 662 670 674 691 717 736 738
1 2 3 5 55 144 153 170 171 212 261 293 348 378 420 426 439 448 484 529 538 548 553 558 610 628 638 639 652 658 662 670 674 691 717 736
1 2 3 5 55 144 153 170 171 212 261 293 348 378 420 426 439 448 477 484 529 538 558 603 610 628 638 639 652 658 662 670 674 691 717 736
1 2 3 5 55 144 153 170 171 189 204 212 261 273 293 348 378 420 426 439 448 477 484 529 538 558 610 628 638 639 652 658 662 670 674 691 717 736
1 2 3 5 80 141 144 171 212 223 252 261 293 348 354 378 426 451 452 525 529 562 610 638 642 652 670 674 691 710 717 736 737 746
1 2 3 5 55 144 153 170 171 212 261 293 348 378 420 426 439 448 477 484 529 538 548 553 558 610 628 638 639 652 658 662 670 674 691 717 736
1 2 3 5 55 144 153 170 171 204 212 261 293 335 348 378 420 426 439 448 477 484 529 538 558 582 610 628 638 639 652 658 662 670 674 691 717 736
1 2 3 5 55 144 153 170 171 204 212 261 293 330 348 378 420 425 426 439 448 477 484 529 538 558 610 615 628 638 639 652 658 662 670 674 691 717 736
1 2 3 5 55 80 101 137 144 171 261 293 348 400 407 426 477 529 533 577 605 610 652 659 662 670 672 674 676 691 717 731 736
1 2 3 5 45 55 144 153 170 171 189 203 204 212 261 293 348 378 420 426 439 448 477 484 529 538 558 610 628 638 639 652 658 662 669 670 674 691 717 736
1 2 3 5 55 144 153 170 171 189 204 212 230 261 293 348 378 420 426 439 448 477 484 529 538 558 610 628 638 639 652 658 662 670 674 691 717 736
1 2 3 5 55 144 153 170 171 204 212 261 293 330 348 378 420 425 426 439 448 477 484 529 538 558 610 628 638 639 652 658 662 670 674 691 717 736
1 2 3 5 55 144 153 170 171 189 204 212 261 293 348 378 420 426 439 448 477 484 513 529 538 558 610 628 638 639 652 658 662 670 674 691 717 736
1 2 3 5 55 116 144 153 170 171 189 204 212 261 293 348 378 420 426 439 448 477 484 529 538 558 610 628 638 639 652 658 662 669 670 674 691 717 736
1 2 3 5 36 55 144 153 170 171 189 204 212 261 293 348 378 420 426 439 448 477 484 529 538 558 610 628 638 639 652 658 662 670 674 691 717 736
1 2 3 5 55 144 153 170 171 212 261 293 348 378 420 426 428 439 448 477 484 529 538 552 558 610 628 638 639 652 658 662 670 674 686 691 717 736
1 2 3 5 86 144 153 170 171 212 261 293 348 378 419 420 426 428 439 448 484 529 538 552 558 610 628 638 639 652 658 662 670 674 686 691 717 736
1 2 3 5 55 144 153 170 171 212 261 293 348 378 420 426 439 448 484 529 538 558 603 610 628 638 639 652 658 662 670 674 691 717 736
1 2 3 5 55 86 144 153 170 171 212 261 293 348 378 419 420 426 428 439 448 484 529 538 552 558 610 628 638 639 652 658 662 670 674 686 691 717 736
1 2 3 5 55 80 97 137 144 171 201 212 261 293 378 407 426 451 477 525 529 561 576 610 638 652 662 670 674 691 717 718 736
1 2 3 5 81 144 153 170 171 212 261 293 348 351 378 420 426 439 448 477 484 529 538 558 610 628 638 639 652 658 662 670 674 691 717 736
1 2 3 5 55 86 144 153 170 171 212 261 293 348 378 419 420 426 428 439 448 477 484 529 538 552 558 610 628 638 639 652 658 662 670 674 686 691 717 736
1 2 3 5 55 80 97 137 144 171 201 212 261 293 378 407 426 431 451 477 525 529 576 610 638 652 662 670 674 691 717 718 736
1 2 3 5 55 80 134 144 158 161 171 212 252 261 293 348 354 378 426 451 452 460 477 525 529 610 638 652 662 670 671 674 691 710 717 736
1 2 3 5 55 144 153 170 171 189 204 212 261 293 348 378 388 420 426 439 448 477 484 489 529 538 558 610 628 638 639 652 658 662 670 674 691 717 736
1 2 3 5 31 55 144 153 170 171 189 212 261 293 348 378 420 426 439 448 452 484 529 538 558 610 628 638 639 652 658 662 669 670 674 691 717 736
1 2 3 5 55 144 153 170 171 189 204 212 261 293 348 366 378 420 426 439 448 477 484 529 538 558 610 628 633 638 639 652 658 662 669 670 674 691 717 736
1 2 3 5 53 55 144 153 170 171 204 212 246 261 293 348 378 420 426 439 448 477 484 529 538 555 558 610 628 638 639 652 658 662 670 674 691 692 717 736
1 2 3 5 55 144 153 171 212 261 293 348 378 420 426 439 448 477 484 529 538 548 553 558 610 628 638 639 643 652 658 662 670 674 691 717 736
1 2 3 5 55 144 153 170 171 189 204 212 261 293 348 378 420 426 439 448 477 484 529 538 558 610 628 638 639 658 662 670 674 691 717 736
1 2 3 5 55 144 153 170 171 189 204 212 261 293 348 378 420 426 439 448 477 484 487 529 538 558 610 628 638 639 652 658 662 669 670 674 691 717 736
1 2 3 5 31 55 144 153 170 171 189 204 212 261 293 348 378 420 426 439 448 452 484 529 538 558 610 628 638 639 652 658 662 669 670 674 691 717 736 747
1 2 3 5 8 55 65 144 153 170 171 212 231 261 293 348 378 420 426 439 448 462 477 484 529 535 538 558 581 610 613 628 638 639 652 658 662 670 674 691 717 736
1 2 3 5 55 80 144 212 252 260 261 293 301 348 354 378 426 451 452 477 525 529 610 638 649 652 662 670 674 691 710 717 736
1 2 3 5 55 86 144 153 170 171 212 261 293 348 378 392 419 420 426 428 439 448 477 484 529 538 552 558 610 628 638 639 652 658 662 670 674 686 691 717 736
1 2 3 5 80 141 144 171 212 223 252 261 293 348 354 378 426 451 452 477 525 529 562 610 638 642 652 670 674 691 710 717 736 737 746
1 2 3 5 37 55 144 153 170 171 212 261 293 313 319 348 378 420 426 439 444 448 484 529 538 548 553 558 610 628 638 639 652 658 662 670 674 691 717 736
1 2 3 5 55 144 153 170 171 212 261 293 348 378 420 426 439 448 484 529 538 558 610 628 638 639 652 658 662 670 674 691 717 719 723 736
1 2 3 5 55 144 153 170 171 189 212 261 293 348 378 420 426 439 448 484 529 538 558 610 628 630 638 639 652 658 662 670 674 691 717 736
1 2 3 5 55 144 153 170 171 212 261 293 348 378 420 426 439 448 484 529 538 558 610 628 638 639 652 658 661 662 670 674 677 691 717 726 736 740
1 2 3 5 55 144 153 170 171 204 212 261 267 293 348 378 414 420 426 439 448 477 484 529 538 558 610 616 620 628 638 639 652 658 662 670 674 691 717 736
1 2 3 5 55 144 153 170 171 189 204 212 261 293 348 378 420 426 439 448 477 484 529 538 558 610 628 630 638 639 652 658 662 670 674 691 717 736
1 2 3 5 55 144 153 170 171 212 261 293 348 378 420 426 439 448 484 529 538 548 553 558 610 628 638 639 643 652 658 662 670 674 691 717 736
1 2 3 5 55 144 153 170 171 204 212 261 293 335 348 378 420 426 439 448 484 529 538 558 582 610 628 638 639 652 658 662 670 674 691 717 736
1 2 3 5 55 80 134 144 158 161 171 212 252 261 293 348 354 378 426 451 452 460 525 529 610 638 652 662 670 671 674 691 710 717 736
1 2 3 5 55 144 153 170 171 212 261 293 348 378 420 426 439 448 477 484 529 538 558 610 628 638 639 652 658 661 662 670 674 677 691 717 726 736 740
1 2 3 5 55 80 144 171 212 252 261 293 332 348 354 378 381 426 451 452 525 529 537 564 610 638 652 662 670 674 691 710 717 736
1 2 3 5 12 55 144 153 170 171 212 261 293 348 378 409 420 426 428 439 448 477 484 529 538 552 558 580 610 628 638 639 652 658 662 670 674 686 691 717 728 736
1 2 3 5 34 55 144 153 170 171 204 212 261 272 293 348 378 420 426 439 448 477 484 529 538 558 604 610 628 638 639 652 658 662 670 674 691 695 717 736
1 2 3 5 55 144 153 170 171 204 212 261 272 293 348 378 420 426 439 448 477 484 529 538 558 610 628 638 639 652 658 662 670 674 691 695 717 736
5 204 426 477 610 662 670 736
1 2 3 5 55 144 153 170 171 189 204 208 212 261 293 348 378 420 426 439 448 477 484 529 538 558 610 628 638 639 652 662 669 670 674 691 717 736
1 2 3 5 55 80 144 171 212 252 261 293 332 348 354 378 381 426 451 452 477 525 529 537 564 610 638 652 662 670 674 691 710 717 736
1 2 3 5 55 144 153 170 171 212 261 270 293 348 378 420 426 439 448 484 521 529 538 558 610 628 638 639 652 658 662 670 674 691 717 726 736 740
1 2 3 5 18 55 75 96 144 153 171 200 212 261 293 348 378 420 426 439 448 477 484 529 538 558 585 610 628 638 639 652 658 662 670 674 691 717 736 738
1 2 3 5 55 144 153 170 171 212 261 293 348 378 420 426 439 448 477 484 529 538 558 610 628 638 639 652 658 662 670 674 691 717 719 723 736
1 2 3 5 55 125 144 153 170 171 204 212 261 267 293 348 378 414 420 426 439 448 477 484 529 538 558 610 616 620 628 638 639 652 658 662 670 674 691 717 736
1 2 3 5 55 144 153 170 171 212 261 293 298 348 378 420 426 439 448 484 529 538 548 553 558 610 628 638 639 643 652 658 662 670 674 691 717 736
1 2 3 5 18 55 75 96 144 153 170 171 200 212 261 293 348 350 378 420 426 439 448 484 529 538 558 585 610 628 638 639 652 658 662 670 674 691 717 736 738
1 2 3 5 55 144 153 170 171 212 250 261 293 348 378 420 426 439 448 484 529 538 558 610 628 638 639 652 658 662 670 674 691 717 719 723 736
2 3 5 153 170 171 212 261 293 348 378 420 425 426 439 448 484 529 538 558 610 615 628 638 639 652 658 662 670 674 717 736 748
1 2 3 5 55 144 153 170 171 212 250 261 293 348 378 420 426 439 448 477 484 529 538 558 610 628 638 639 652 658 662 670 674 691 717 719 723 736
1 2 3 5 55 144 153 170 171 212 261 293 348 378 420 426 439 448 477 484 529 538 548 553 558 610 628 638 639 643 652 658 662 670 674 691 717 736
1 2 3 5 55 144 153 170 171 204 212 261 293 348 378 420 426 439 445 448 477 484 494 529 538 558 610 628 638 639 652 658 662 670 674 691 717 736 745
1 2 3 5 55 144 153 170 171 204 212 222 233 261 348 378 380 420 426 432 439 448 484 529 538 542 558 610 622 628 638 639 652 658 662 670 674 691 717 734 736
1 2 3 5 8 55 65 144 153 170 171 212 231 261 293 348 378 420 426 439 448 462 484 529 535 538 558 581 610 613 628 638 639 652 658 662 670 674 691 717 736
1 2 3 5 18 55 75 96 144 153 170 171 200 212 261 293 348 350 378 420 426 439 448 477 484 529 538 558 585 610 628 638 639 652 658 662 670 674 691 717 736 738
1 2 3 5 55 144 153 170 171 212 232 250 261 293 348 378 420 426 439 448 484 529 538 558 610 628 638 639 652 658 662 670 674 691 717 719 723 736
1 2 3 5 55 144 153 170 171 212 257 261 293 348 378 420 426 439 446 448 484 529 538 558 603 610 628 638 639 652 658 662 670 674 691 717 736
1 2 3 5 55 144 153 170 171 212 250 261 293 348 378 420 426 439 448 484 529 538 558 610 628 638 639 652 658 662 670 674 691 717 719 723 733 736
1 2 3 5 55 65 144 153 170 171 212 231 261 293 348 378 420 426 439 448 462 484 529 535 538 558 581 610 613 628 638 639 652 658 662 670 674 691 717 736
1 2 3 5 55 144 153 170 171 209 212 232 250 261 293 348 378 420 426 439 448 484 529 538 558 610 628 638 639 652 658 662 670 674 691 717 719 723 736
1 2 3 5 55 144 153 170 171 212 232 250 261 293 348 378 420 426 439 448 477 484 529 538 558 610 628 638 639 652 658 662 670 674 691 717 719 723 736
1 2 3 5 37 55 144 153 170 171 212 261 293 313 319 348 378 420 426 439 444 448 477 484 529 538 548 553 558 610 628 638 639 652 658 662 670 674 691 717 736
1 2 3 5 55 144 153 170 171 212 261 270 293 348 378 420 426 439 448 477 484 521 529 538 558 610 628 638 639 652 658 662 670 674 691 717 726 736 740
1 2 3 5 55 144 153 170 171 212 261 293 298 348 378 420 426 439 448 477 484 529 538 548 553 558 610 628 638 639 643 652 658 662 670 674 691 717 736
1 2 3 5 55 144 153 171 212 293 348 378 420 423 426 439 448 477 484 529 538 548 553 558 598 610 628 638 639 652 658 662 670 674 691 717 736 743
1 2 3 5 55 144 153 170 171 212 261 293 348 378 420 426 439 448 484 529 538 558 610 628 638 639 652 658 661 662 670 674 677 691 702 717 726 736 740
1 2 3 5 55 144 153 170 171 212 261 293 348 378 420 426 439 448 477 484 529 538 558 610 628 638 639 652 658 661 662 670 674 677 691 702 717 726 736 740
1 2 3 5 53 55 144 153 170 171 204 212 246 261 293 348 378 399 420 426 439 448 477 484 529 538 555 558 610 628 638 639 652 658 662 670 674 691 692 704 717 736
1 2 3 5 144 153 170 171 212 250 261 293 348 378 420 426 439 448 477 484 529 538 558 610 628 638 639 652 658 662 670 674 691 717 719 723 736
1 2 3 5 55 144 153 170 171 196 212 261 293 348 378 420 426 439 448 477 484 529 538 548 553 558 610 628 638 639 652 658 662 670 674 691 717 736
1 2 3 5 55 144 153 170 171 212 293 348 378 420 423 426 439 448 477 484 529 538 548 553 558 598 610 628 638 639 652 658 662 670 674 691 717 736 743
1 2 3 5 55 144 153 170 171 212 261 293 348 378 420 426 439 440 448 477 484 529 530 538 558 610 628 638 639 652 658 662 670 691 717 726 736 740
1 2 3 5 55 144 153 170 171 212 293 348 378 420 423 426 439 448 484 529 538 548 553 558 598 610 628 638 639 652 658 662 670 674 691 717 736 743
1 2 3 5 55 144 153 156 170 171 212 261 270 293 348 378 420 426 439 448 477 484 521 529 538 558 610 628 638 639 652 658 662 670 674 691 717 726 736 740
1 2 3 5 53 55 144 153 170 171 206 212 261 293 348 378 420 426 439 448 484 529 538 540 558 610 628 638 639 652 658 662 670 674 691 717 736
1 2 3 5 55 80 144 171 212 252 261 293 332 348 354 378 381 426 445 451 452 477 525 529 537 564 610 638 652 662 670 674 691 710 717 736
1 2 3 5 41 302
1 2 3 5 18 55 75 96 144 153 170 171 200 212 261 293 348 350 378 420 426 439 448 477 484 529 538 558 585 610 628 638 639 652 658 662 670 674 691 736 738
1 2 3 5 23 38 55 144 153 170 171 212 261 293 348 361 378 382 420 426 439 448 471 477 484 529 538 558 610 628 638 639 652 658 662 670 674 691 717 736
1 2 3 5 23 38 144 153 170 171 212 261 293 348 361 378 382 420 426 439 448 471 477 484 529 538 558 610 628 638 639 652 658 662 670 674 691 717 736
1 2 3 5 55 144 153 170 171 189 204 212 261 293 378 420 426 439 448 477 484 529 538 558 610 628 630 638 639 652 658 662 670 674 717 736
1 2 3 55 80 144 171 212 237 252 261 293 316 348 354 355 378 426 451 452 475 477 525 529 610 634 638 652 662 670 675 678 691 710 717 730 736
1 2 3 5 55 80 144 171 212 237 252 261 293 316 348 354 378 426 451 452 475 477 525 529 610 634 638 652 662 670 675 678 691 710 717 730 736
1 2 3 5 55 144 171 212 261 293 348 378 426 439 477 529 538 610 638 662 670 674 691
1 2 3 5 55 144 153 170 171 212 261 293 348 378 426 439 448 477 484 529 538 558 610 628 638 639 662 670 674 691 717 736
1 2 3 5 55 144 153 170 171 204 212 261 293 348 378 426 439 448 477 484 529 538 558 610 628 638 639 662 670 674 691 717 736
1 2 3 5 55 144 170 171 212 261 293 348 378 426 439 448 477 484 529 538 558 610 638 662 670 674 691 717 736
1 2 3 5 55 144 170 171 212 261 293 348 378 426 439 448 477 484 529 538 558 610 628 638 639 662 670 674 691 717 736
1 2 3 5 55 144 170 171 212 261 293 348 378 426 439 448 477 484 529 538 558 610 628 638 662 670 674 691 717 736
1 2 3 5 55 144 153 170 171 212 261 293 348 378 426 439 448 477 484 529 538 558 610 628 638 662 670 674 691 717 736
1 2 3 5 261 426 670
1 2 3
1 2 5
1 2 4 5
7
6
1 2 3 11
1 2 3 5 29
1 2 3 5 33
2 3
2 5
2 3 11
1 2 3 5 83
1 2 3 5 17 33 133
1 2 5 492
1 2 3 11 506
1 2 3 531
1 2 3 11 312
1 2
1 2 3 5 193
1 2 3 5 16 17 193
1 2 3 5 196
1 2 3 5 242 282 317 403 452 554 631
1 2 3 5 452
1 2 3 452
1 2 3 5 282 317 403 452 554 631
1 2 3 5 385
1 2 3 5 248
1 2 3 5 206
1 2 3 5 563
2 3 5 563
5 563
1 2 3 5 194
1 2 3 5 100 242 282 317 321 403 452 554 631
1 2 3 5 100
1 2 3 5 620
1 2 3 5 242 282 317 321 403 452 554 631
1 2 3 5 17 528
1 2 3 5 17 531
1 2 3 5 405
1 2 3 5 302
1 2 3 5 96
1 2 3 5 440
1 2 3 5 171
2 3 5 171
1 2 3 171
1 2 3 5 150
1 2 3 5 116
1 2 3 5 31 452
1 2 3 5 327
2 3 5 327
5 327
1 2 3 5 11 563
1 2 3 5 11 42 68 103 228 238 264 295 310 327 329 353 468 496 563 570 673 679 680 681 682
2 3 5 11 42 68 103 228 238 264 295 310 327 329 353 422 468 496 563 570 673 679 680 681 682
1 2 3 5 11 42 68 103 228 264 295 310 327 329 353 422 468 496 563 570 673 679 680 681 682
1 2 3 5 11 42 68 103 228 238 264 295 310 327 329 353 422 468 496 563 570 673 679 680 681
1 2 3 5 42 68 103 228 238 264 295 310 327 329 353 422 468 496 563 570 673 679 680 681 682
1 2 5 68 468
1 2 3 5 468
1 2 3 5 11 327
1 2 3 5 468 570
1 2 3 5 68 468
1 2 3 5 11 42 68 103 228 238 264 295 310 327 329 422 468 496 563 570 673 679 680 681 682
1 2 3 5 68 327 468
1 2 3 5 11 42 68 103 228 238 264 295 310 327 329 353 422 496 563 570 673 679 680 681 682
1 2 5 468
1 2 3 5 11 42 68 103 228 238 264 295 310 327 329 353 422 468 563 570 673 679 680 681 682
5 570
1 2 3 5 11 42 68 103 228 238 264 295 310 327 329 353 468 496 563 570 673 679 680 681 682 685
1 2 3 5 42 68 103 228 238 264 295 310 327 329 353 422 468 496 563 570 673 679 680 681 682 685
1 2 3 5 11 42 68 103 228 238 264 295 310 327 329 418 422 468 496 563 570 673 679 680 681 682 685
1 2 3 5 11 42 68 103 228 238 264 295 310 327 329 353 422 496 563 570 673 679 680 681 682 685
1 2 3 5 11 42 68 103 228 238 264 295 310 327 329 353 422 468 563 570 673 679 680 681 682 685
1 2 3 5 211
1 2 3 5 117 211
1 2 3 5 17 211
1 2 3 5 11 42 68 103 228 238 264 265 295 310 327 329 353 422 468 496 563 570 673 679 680 681 682
1 2 3 5 11 42 68 103 228 238 264 265 295 310 327 329 353 422 468 563 570 673 679 680 681 682 685
1 2 3 5 301 452
2 3 5 11 563
1 2 3 5 240 563
1 2 3 5 274
1 2 3 5 97
1 2 3 5 209
1 2 3 5 18
1 2 3 5 11 42 68 103 144 228 238 264 265 295 310 327 329 353 422 468 563 570 673 679 680 681 682 685
1 2 3 5 144
1 2 3 144
1 2 3 5 11 42 68 103 228 238 264 295 310 327 329 353 468 496 536 563 570 673 679 680 681 682 685
1 2 3 5 42 68 103 228 238 264 295 310 327 329 353 422 468 496 536 563 570 673 679 680 681 682 685
1 2 3 5 11 211
1 2 3 5 158
1 2 3 5 11 42 68 103 228 238 264 295 310 327 329 353 422 479 496 563 570 673 679 680 681 682 685
1 2 3 5 42 68 103 228 238 264 295 310 327 329 353 422 468 496 536 563 570 617 673 679 680 681 682 685
1 2 3 5 42 68 103 228 238 264 295 310 327 329 353 422 468 496 563 570 617 673 679 680 681 682 685
1 2 3 5 16 17 30 160 278 344 426 545 688 698
1 2 5 30
1 2 3 5 16 17 30 426
1 2 3 5 426
5 426
2 3 5 426
1 2 3 5 382 426
1 2 3 426
1 2 3 5 11 42 68 103 148 228 238 264 295 310 327 329 353 422 468 496 536 563 570 673 679 680 681 682 685 700
2 3 5 11 42 68 103 228 238 264 295 310 327 329 353 468 496 563 570 673 679 680 681 682 685
1 2 3 5 11 42 68 103 228 264 295 310 327 329 353 468 496 563 570 673 679 680 681 682 685
1 2 3 5 11 42 68 103 228 238 264 295 310 327 329 353 468 496 563 570 673 679 680 681 685
1 2 3 5 42 68 103 228 238 264 295 310 327 329 353 468 496 536 563 570 673 679 680 681 682 685
1 2 3 5 11 42 68 103 228 238 264 295 310 327 329 468 496 563 570 673 679 680 681 682 685
1 2 3 5 11 42 68 103 228 238 264 295 310 327 329 353 496 563 570 673 679 680 681 682 685
1 2 3 5 42 68 103 228 238 264 295 310 327 329 353 468 496 563 570 673 679 680 681 682 685
1 2 3 5 11 42 68 84 103 228 238 264 295 310 327 329 353 468 496 563 570 673 679 680 681 682 685
1 2 3 5 11 42 68 103 228 238 264 295 310 327 329 353 468 563 570 673 679 680 681 682 685
2 3 5 11 42 68 103 228 264 295 310 327 329 353 422 468 496 563 570 673 679 680 681 682 685
2 3 5 11 42 68 103 228 238 264 295 310 327 329 353 422 468 496 563 570 673 679 680 681 685
2 3 5 42 68 103 228 238 264 295 310 327 329 353 422 468 496 563 570 673 679 680 681 682 685
2 5 68 468
2 3 5 468
2 3 5 11 327
2 3 5 468 570
2 3 5 68 468
2 3 5 11 42 68 103 228 238 264 295 310 327 329 422 468 496 563 570 673 679 680 681 682 685
2 3 5 68 327 468
2 3 5 11 42 68 103 228 238 264 295 310 327 329 353 422 496 563 570 673 679 680 681 682 685
2 5 468
2 3 5 11 42 68 103 228 238 264 295 310 327 329 353 422 468 563 570 673 679 680 681 682 685
1 2 3 5 466
1 2 3 5 409
1 2 3 5 11 42 68 103 228 264 295 310 327 329 353 422 468 496 563 570 673 679 680 681 685
1 2 3 5 42 68 103 228 264 295 310 327 329 353 422 468 496 563 570 673 679 680 681 682 685
1 2 3 5 11 42 68 103 228 264 295 310 327 329 422 468 496 563 570 673 679 680 681 682 685
1 2 3 5 11 42 68 103 228 264 295 310 327 329 353 422 496 563 570 673 679 680 681 682 685
1 2 3 5 11 42 68 103 228 264 295 310 327 329 353 422 468 563 570 673 679 680 681 682 685
1 2 3 5 11 42 68 94 103 228 238 264 295 310 327 329 353 422 468 496 563 570 673 679 680 681 682 685
1 2 3 5 11 42 68 103 228 238 264 295 310 327 329 346 353 422 468 496 563 570 673 679 680 681 682 685
1 2 3 5 58 468
1 2 3 5 42 68 103 228 238 264 295 310 327 329 353 422 468 496 563 570 673 679 680 681 685
1 2 3 5 11 42 68 103 228 238 264 295 310 327 329 422 468 496 563 570 673 679 680 681 685
1 2 3 5 11 42 68 103 228 238 264 295 310 327 329 353 422 496 563 570 673 679 680 681 685
1 2 3 5 11 42 68 103 228 238 264 295 310 327 329 353 422 468 563 570 673 679 680 681 685
1 2 5 584
1 2 3 5 584
1 2 3 5 11 584
1 2 3 5 276 584
1 2 3 5 11 519
5 584
1 2 3 5 101
1 2 3 5 11 42 68 103 132 228 238 264 265 295 310 327 329 353 422 468 496 563 570 673 679 680 681 682
1 2 3 5 11 42 68 103 228 238 248 264 295 310 327 329 353 422 468 496 563 570 673 679 680 681 682
1 2 3 5 42 68 103 228 238 248 264 295 310 327 329 353 422 468 496 563 570 673 679 680 681 682 685
1 2 3 5 11 689
1 2 3 5 11 42 68 103 182 228 238 264 295 310 327 329 353 415 422 468 496 536 563 570 619 673 679 680 681 682 685
1 2 5 175 468
1 2 3 5 42 68 103 228 238 264 295 310 327 329 422 468 496 563 570 673 679 680 681 682 685
1 2 3 5 42 68 103 228 238 264 295 310 327 329 353 422 496 563 570 673 679 680 681 682 685
1 2 3 5 42 68 103 228 238 264 295 310 327 329 353 422 468 563 570 673 679 680 681 682 685
1 2 3 5 11 162
1 2 5 468 584
1 2 5 30 68 468
5 68
1 2 5 68 468 584 674
1 2 5 68
1 2 5 468 584 674
1 2 5 674
2 5 674
1 2 3 5 16 17 58 201 204 391 447 468 498 652 707 708
1 2 3 5 584 652
1 2 3 5 468 584
1 2 3 5 16 17 391 434 447 468 652 707
1 2 3 5 16 17 58 193 201 204 391 434 447 468 498 546 652 707 708
1 2 3 5 204 468 584
1 2 5 468 584 652
1 2 3 5 652
1 2 3 5 204 652
2 3 5 204 652
1 2 3 5 201 652
1 2 3 5 204
5 204
2 3 5 652
1 2 3 652
1 2 3 5 16 17 391 447 468 652 707
1 2 3 5 16 17 58 201 204 391 447 468 498 531 652 707 708
1 2 3 5 204 468
1 2 5 9 468 652
1 2 3 5 53
1 2 3 5 8
1 2 3 5 11 123 153 194 213 327 328 352 504 523 543 586 610
1 2 3 5 153 610
1 2 3 5 610
5 610
2 3 5 153 610
1 2 3 610
1 2 5 584 652
1 2 3 5 570
1 2 3 5 468 478 570
1 2 5 468 486 584
1 2 3 5 68 451 468
1 2 3 5 68
1 2 5 468 652
1 2 3 5 426 652
1 2 3 5 426 451 652
2 3 5 426 652
1 2 3 5 260 426 451 652
1 2 3 426 451 652
1 2 3 5 233
1 2 3 5 11 42 68 103 228 238 264 295 310 327 329 422 496 563 570 673 679 680 681 682 685
1 2 3 5 11 42 68 103 228 238 264 295 310 327 329 422 468 563 570 673 679 680 681 682 685
1 2 3 5 42 68 103 228 238 248 264 295 310 327 329 353 422 468 496 563 570 673 679 680 681 682
1 2 3 5 11 42 68 103 228 238 264 265 295 310 327 329 353 422 468 563 570 673 679 680 681 682
1 2 3 5 439
2 3 5 439
5 68 563 570
1 2 3 5 12 468
1 2 3 5 12
1 2 3 5 68 327
1 2 3 5 674
1 2 3 5 451 674
1 2 3 5 204 674
5 68 327
2 3 5 204 674
2 3 5 674
1 2 3 451
1 2 3 5 451
1 2 3 5 12 652
1 2 3 5 605
1 2 3 5 11 42 68 103 228 238 264 295 310 327 329 353 422 563 570 673 679 680 681 682 685
1 2 3 5 11 42 68 85 103 182 228 238 264 295 310 327 329 353 415 422 468 496 536 563 570 673 679 680 681 682 685
1 2 5 652 674
2 5 652 674
1 2 5 652
1 2 652
5 68 228 327 563 570
5 68 327 563 570
1 2 3 5 55 144 171 212 261 293 348 378 426 477 529 610 638 652 662 670 674 691 717 736
1 2 3 5 55 144 171 212 261 293 348 378 426 529 610 638 652 662 670 674 691 717 736
1 2 3 5 144 171 212 261 293 348 378 426 477 529 610 638 652 670 674 691 717 736
1 2 3 5 55 144 153 171 212 261 293 348 378 420 426 439 448 477 484 529 538 558 610 628 638 639 652 658 662 670 674 691 717 736
1 2 3 5 144 153 170 171 212 261 293 348 378 420 426 439 448 477 484 529 538 558 610 628 638 639 652 658 662 670 674 691 717 736
2 3 5 55 153 170 171 212 261 293 348 378 420 426 439 448 477 484 529 538 558 610 628 638 639 652 658 662 670 674 691 717 736
1 2 3 5 55 144 153 171 212 261 293 348 378 420 426 439 448 484 529 538 558 610 628 638 639 652 658 662 670 674 691 717 736
1 2 3 5 144 153 170 171 212 261 293 348 378 420 426 439 448 484 529 538 558 610 628 638 639 652 658 662 670 674 691 717 736
1 2 3 5 55 144 153 170 171 212 261 293 348 378 420 426 439 448 484 529 538 558 610 628 638 639 652 658 662 670 674 691 717
1 2 3 5 55 144 153 170 171 212 261 293 348 378 420 426 439 448 477 484 529 538 558 610 628 638 639 652 658 662 670 674 717 736
1 2 3 5 55 144 212 261 293 348 378 426 529 610 638 652 662 670 674 691 717 736
1 2 3 5 144 171 212 261 293 348 378 426 529 610 638 652 670 674 691 717 736
1 2 3 5 55 144 171 261 293 348 426 477 529 610 652 662 670 674 691 717 736
1 2 3 5 55 144 171 212 261 293 378 426 477 529 610 638 652 662 670 674 691 717 736
1 2 3 5 55 144 153 170 171 212 261 293 348 378 420 426 439 448 477 484 529 538 558 610 628 638 639 658 662 670 674 691 717 736
1 2 3 5 55 144 212 261 293 348 378 426 477 529 610 638 652 662 670 674 691 717 736
1 2 3 5 55 144 153 170 171 212 261 293 348 378 420 426 439 448 477 484 529 538 558 610 628 638 639 652 662 670 674 691 717 736
2 3 5 153 170 171 212 261 293 348 378 420 426 439 448 484 529 538 558 610 628 638 639 652 658 662 670 674 717 736
1 2 3 5 55 144 153 170 171 212 261 348 378 420 426 439 448 484 529 538 558 610 628 638 639 652 658 662 670 674 691 717 736
1 2 3 5 55 144 153 171 212 293 348 378 420 426 439 448 477 484 529 538 558 610 628 638 639 652 658 662 670 674 691 717 736
1 2 3 5 55 144 153 170 171 212 293 348 378 420 426 439 448 477 484 529 538 558 610 628 638 639 652 658 662 670 674 691 717 736
1 2 3 5 55 144 153 170 171 212 261 293 348 378 420 426 439 448 477 484 529 538 558 610 628 638 639 652 658 662 670 691 717 736
1 2 3 5 55 144 153 170 171 212 293 348 378 420 426 439 448 484 529 538 558 610 628 638 639 652 658 662 670 674 691 717 736
1 2 3 5 55 144 153 170 171 212 261 293 348 378 420 426 439 448 477 484 529 538 558 610 628 638 639 652 658 662 670 674 691 736
1 2 3 5 55 144 153 170 171 212 261 293 378 420 426 439 448 477 484 529 538 558 610 628 638 639 652 658 662 670 674 717 736
1 2 3 55 144 171 212 261 293 348 378 426 477 529 610 638 652 662 670 691 717 736
1 2 3 5 55 144 171 212 261 293 348 378 426 477 529 610 638 652 662 670 691 717 736
1 2 3 5 80 144 171 212 252 261 293 348 354 378 426 451 452 477 525 529 610 638 652 670 674 691 710 717 736
1 2 3 5 144 171 212 261 293 348 378 426 477 529 610 638 652 662 670 674 691 717 736
2 3 5 55 171 212 261 293 348 378 426 477 529 610 638 652 662 670 674 691 717 736
1 2 3 5 144 171 212 261 293 348 378 426 529 610 638 652 662 670 674 691 717 736
1 2 3 5 55 144 171 212 261 293 348 378 426 529 610 638 652 662 670 674 691 717
1 2 3 5 55 144 171 212 261 293 348 378 426 477 529 610 638 652 662 670 674 717 736
1 2 3 5 55 80 144 212 252 261 293 348 354 378 426 451 452 525 529 610 638 652 662 670 674 691 710 717 736
1 2 3 5 80 144 171 212 252 261 293 348 354 378 426 451 452 525 529 610 638 652 670 674 691 710 717 736
1 2 3 5 55 80 144 171 261 293 348 426 477 529 610 652 662 670 674 691 717 736
1 2 3 5 55 80 144 171 212 261 293 378 426 451 477 525 529 610 638 652 662 670 674 691 717 736
1 2 3 5 55 144 171 212 261 293 348 378 426 452 529 610 638 652 662 670 674 691 717 736
1 2 3 5 55 144 171 212 261 293 348 378 426 477 529 610 638 662 670 674 691 717 736
1 2 3 5 55 80 144 212 252 261 293 348 354 378 426 451 452 477 525 529 610 638 652 662 670 674 691 710 717 736
2 3 5 171 212 261 293 348 378 426 529 610 638 652 662 670 674 717 736
1 2 3 5 55 144 171 212 261 348 378 426 529 610 638 652 662 670 674 691 717 736
1 2 3 5 55 144 171 212 293 348 378 426 477 529 610 638 652 662 670 674 691 717 736
1 2 3 5 55 144 171 212 293 348 378 426 529 610 638 652 662 670 674 691 717 736
1 2 3 5 55 144 171 212 261 293 348 378 426 477 529 610 638 652 662 670 674 691 736
1 2 3 5 55 144 171 212 261 293 378 426 477 529 610 638 652 662 670 674 717 736
1 2 3 55 80 144 171 212 252 261 293 348 354 378 426 451 452 477 525 529 610 638 652 662 670 691 710 717 736
1 2 3 5 55 80 144 171 212 252 261 293 348 354 378 426 451 452 477 525 529 610 638 652 662 670 691 710 717 736
1 2 3 5 55 144 171 212 261 293 348 378 426 477 529 610 638 662 670 674 691
5 426 610 662 670 736
2 3 5 55 153 170 171 212 261 293 348 378 420 426 439 448 484 529 538 558 610 628 638 639 652 658 662 670 674 691 717 736
1 2 3 5 55 144 153 170 171 212 261 293 348 378 420 426 439 448 484 529 538 558 610 628 638 639 652 658 662 670 674 717 736
1 2 3 5 55 144 171 261 293 348 426 529 610 652 662 670 674 691 717 736
1 2 3 5 55 144 171 212 261 293 378 426 529 610 638 652 662 670 674 691 717 736
1 2 3 5 55 144 153 170 171 212 261 293 348 378 420 426 439 448 484 529 538 558 610 628 638 639 658 662 670 674 691 717 736
1 2 3 5 55 144 153 170 171 212 261 293 348 378 420 426 439 448 484 529 538 558 610 628 638 639 652 662 670 674 691 717 736
1 2 3 5 55 144 153 171 212 293 348 378 420 426 439 448 484 529 538 558 610 628 638 639 652 658 662 670 674 691 717 736
1 2 3 5 55 144 153 170 171 212 261 293 348 378 420 426 439 448 484 529 538 558 610 628 638 639 652 658 662 670 691 717 736
1 2 3 5 55 144 153 170 171 212 261 293 348 378 420 426 439 448 484 529 538 558 610 628 638 639 652 658 662 670 674 691 736
1 2 3 5 55 144 153 170 171 212 261 293 378 420 426 439 448 484 529 538 558 610 628 638 639 652 658 662 670 674 717 736
1 2 3 55 144 171 212 261 293 348 378 426 529 610 638 652 662 670 691 717 736
1 2 3 5 55 144 171 212 261 293 348 378 426 529 610 638 652 662 670 691 717 736
1 2 3 5 55 144 171 212 261 293 348 378 426 439 529 538 610 638 662 670 674 691
1 2 3 5 55 144 153 170 171 212 261 293 348 378 426 439 448 484 529 538 558 610 628 638 639 662 670 674 691 717 736
1 2 3 5 55 144 170 171 212 261 293 348 378 426 439 448 484 529 538 558 610 638 662 670 674 691 717 736
1 2 3 5 55 144 170 171 212 261 293 348 378 426 439 448 484 529 538 558 610 628 638 639 662 670 674 691 717 736
1 2 3 5 55 144 170 171 212 261 293 348 378 426 439 448 484 529 538 558 610 628 638 662 670 674 691 717 736
1 2 3 5 55 144 153 170 171 212 261 293 348 378 426 439 448 484 529 538 558 610 628 638 662 670 674 691 717 736
2 3 5 55 171 212 261 293 348 378 426 529 610 638 652 662 670 674 691 717 736
1 2 3 5 55 144 171 212 261 293 348 378 426 529 610 638 652 662 670 674 717 736
1 2 3 5 55 80 144 171 261 293 348 426 529 610 652 662 670 674 691 717 736
1 2 3 5 55 80 144 171 212 261 293 378 426 451 525 529 610 638 652 662 670 674 691 717 736
1 2 3 5 55 144 171 212 261 293 348 378 426 529 610 638 662 670 674 691 717 736
1 2 3 5 55 144 171 212 261 293 348 378 426 529 610 638 652 662 670 674 691 736
1 2 3 5 55 144 171 212 261 293 378 426 529 610 638 652 662 670 674 717 736
1 2 3 55 80 144 171 212 252 261 293 348 354 378 426 451 452 525 529 610 638 652 662 670 691 710 717 736
1 2 3 5 55 80 144 171 212 252 261 293 348 354 378 426 451 452 525 529 610 638 652 662 670 691 710 717 736
1 2 3 5 55 144 171 212 261 293 348 378 426 529 610 638 662 670 674 691
1 2 3 5 55 144 153 171 204 212 261 293 348 378 420 426 439 448 477 484 529 538 558 610 628 638 639 652 658 662 670 674 691 717 736
1 2 3 5 144 153 170 171 204 212 261 293 348 378 420 426 439 448 477 484 529 538 558 610 628 638 639 652 658 662 670 674 691 717 736
2 3 5 55 153 170 171 204 212 261 293 348 378 420 426 439 448 477 484 529 538 558 610 628 638 639 652 658 662 670 674 691 717 736
1 2 3 5 55 144 153 170 171 204 212 261 293 348 378 420 426 439 448 477 484 529 538 558 610 628 638 639 652 658 662 670 674 717 736
1 2 3 5 55 144 153 170 171 204 212 261 293 348 378 420 426 439 448 477 484 529 538 558 610 628 638 639 658 662 670 674 691 717 736
1 2 3 5 55 144 153 170 171 204 212 261 293 348 378 420 426 439 448 477 484 529 538 558 610 628 638 639 652 662 670 674 691 717 736
1 2 3 5 55 144 153 170 171 204 212 261 348 378 420 426 439 448 484 529 538 558 610 628 638 639 652 658 662 670 674 691 717 736
1 2 3 5 55 144 153 170 171 204 212 261 293 378 420 426 439 448 477 484 529 538 558 610 628 638 639 652 658 662 670 674 717 736
1 2 3 5 144 153 170 171 212 261 293 348 351 378 420 426 439 448 477 484 529 538 558 610 628 638 639 652 658 662 670 674 691 717 736
1 2 3 5 55 144 153 170 171 189 204 212 261 293 348 378 420 426 439 448 477 484 529 538 558 610 628 638 639 652 662 669 670 674 691 717 736
1 2 3 5 55 144 153 170 171 189 204 212 261 293 378 420 426 439 448 477 484 529 538 558 610 628 638 639 652 658 662 670 674 717 736
5 426 477 610 670 736
2 3 5 171 212 261 293 348 378 426 477 529 610 638 652 670 674 691 717 736
1 2 3 5 144 171 212 261 293 348 378 426 529 610 638 652 670 674 691 717
1 2 3 5 144 171 212 261 293 348 378 426 477 529 610 638 652 670 674 717 736
1 2 3 5 80 144 212 252 261 293 348 354 378 426 451 452 525 529 610 638 652 670 674 691 710 717 736
1 2 3 5 80 144 171 212 252 261 293 348 354 378 426 451 452 525 529 610 638 652 670 674 691 710 717 736 737
1 2 3 5 80 144 171 261 293 348 426 477 529 610 652 670 674 691 717 736
1 2 3 5 80 144 171 212 261 293 378 426 451 477 525 529 610 638 652 670 674 691 717 736
1 2 3 5 144 171 212 261 293 348 378 426 452 529 610 638 652 670 674 691 717 736
1 2 3 5 144 171 212 261 293 348 378 426 477 529 610 638 670 674 691 717 736
1 2 3 5 80 144 212 252 261 293 348 354 378 426 451 452 477 525 529 610 638 652 670 674 691 710 717 736
2 3 5 171 212 261 293 348 378 426 529 610 638 652 670 674 717 736
1 2 3 5 144 171 212 261 348 378 426 529 610 638 652 670 674 691 717 736
1 2 3 5 144 171 212 293 348 378 426 477 529 610 638 652 670 674 691 717 736
1 2 3 5 144 171 212 261 293 348 378 426 477 529 610 638 652 670 691 717 736
1 2 3 5 144 171 212 293 348 378 426 529 610 638 652 670 674 691 717 736
1 2 3 5 144 171 212 261 293 348 378 426 477 529 610 638 652 670 674 691 736
1 2 3 5 144 171 212 261 293 378 426 477 529 610 638 652 670 674 717 736
1 2 3 80 144 171 212 252 261 293 348 354 378 426 451 452 477 525 529 610 638 652 670 691 710 717 736
1 2 3 5 80 144 171 212 252 261 293 348 354 378 426 451 452 477 525 529 610 638 652 670 691 710 717 736
1 2 3 5 144 171 212 261 293 348 378 426 477 529 610 638 670 674 691
1 2 3 5 18 55 75 96 144 153 171 212 261 293 348 378 420 426 439 448 484 529 538 558 610 628 638 639 652 658 662 670 674 691 717 736 738
1 2 3 5 18 55 75 144 153 170 171 212 261 293 348 378 420 426 439 448 484 529 538 558 610 628 638 639 652 658 662 670 674 691 717 736 738
1 2 3 5 18 55 75 96 144 153 170 171 212 261 293 348 378 420 426 439 448 484 529 538 558 610 628 638 639 652 658 662 670 674 691 736 738
1 2 3 5 144 153 170 171 212 261 293 348 351 378 420 426 439 448 484 529 538 558 610 628 638 639 652 658 662 670 674 691 717 736
1 2 3 5 55 144 153 170 171 189 204 212 261 293 348 378 420 426 439 448 477 484 529 538 558 610 628 638 639 652 662 670 674 691 717 736
5 426 610 662 670
5 426 610 670 736
426 477 610 662 670 736
5 426 477 610 662 670
5 426 670
1 2 3 5 55 144 153 171 204 212 261 293 348 378 420 426 439 448 484 529 538 558 610 628 638 639 652 658 662 670 674 691 717 736
1 2 3 5 144 153 170 171 204 212 261 293 348 378 420 426 439 448 484 529 538 558 610 628 638 639 652 658 662 670 674 691 717 736
2 3 5 55 153 170 171 204 212 261 293 348 378 420 426 439 448 484 529 538 558 610 628 638 639 652 658 662 670 674 691 717 736
1 2 3 5 55 144 153 170 171 204 212 261 293 348 378 420 426 439 448 484 529 538 558 610 628 638 639 652 658 662 670 674 717 736
1 2 3 5 55 144 153 170 171 204 212 261 293 348 378 420 426 439 448 484 529 538 558 610 628 638 639 658 662 670 674 691 717 736
5 204 426 610 662 670 736
1 2 3 5 55 144 153 170 171 204 212 261 293 348 378 420 426 439 448 484 529 538 558 610 628 638 639 652 662 670 674 691 717 736
1 2 3 5 55 144 153 170 171 204 212 261 293 378 420 426 439 448 484 529 538 558 610 628 638 639 652 658 662 670 674 717 736
1 2 3 5 55 144 153 170 171 204 212 261 293 348 378 426 439 448 484 529 538 558 610 628 638 639 662 670 674 691 717 736
1 2 3 5 144 153 171 212 261 293 348 378 420 426 439 448 477 484 529 538 558 610 628 638 639 652 658 662 670 674 691 717 736
2 3 5 55 153 171 212 261 293 348 378 420 426 439 448 477 484 529 538 558 610 628 638 639 652 658 662 670 674 691 717 736
1 2 3 5 144 153 171 212 261 293 348 378 420 426 439 448 484 529 538 558 610 628 638 639 652 658 662 670 674 691 717 736
1 2 3 5 55 144 153 171 212 261 293 348 378 420 426 439 448 484 529 538 558 610 628 638 639 652 658 662 670 674 691 717
1 2 3 5 55 144 153 171 212 261 293 348 378 420 426 439 448 477 484 529 538 558 610 628 638 639 652 658 662 670 674 717 736
1 2 3 5 18 55 75 144 153 171 212 261 293 348 378 420 426 439 448 477 484 529 538 558 610 628 638 639 652 658 662 670 674 691 717 736 738
1 2 3 5 18 55 75 144 153 171 212 261 293 348 378 420 426 439 448 484 529 538 558 610 628 638 639 652 658 662 670 674 691 717 736 738
1 2 3 5 55 144 153 171 212 261 293 348 378 420 426 439 448 477 484 529 538 558 610 628 638 639 658 662 670 674 691 717 736
1 2 3 5 55 144 153 171 212 261 293 348 378 420 426 439 448 477 484 529 538 558 610 628 638 639 652 662 670 674 691 717 736
2 3 5 153 171 212 261 293 348 378 420 426 439 448 484 529 538 558 610 628 638 639 652 658 662 670 674 717 736
1 2 3 5 55 144 153 171 212 261 348 378 420 426 439 448 484 529 538 558 610 628 638 639 652 658 662 670 674 691 717 736
1 2 3 5 55 144 153 171 212 261 293 348 378 420 426 439 448 477 484 529 538 558 610 628 638 639 652 658 662 670 691 717 736
1 2 3 5 18 55 75 96 144 153 171 212 261 293 348 378 420 426 439 448 477 484 529 538 558 610 628 638 639 652 658 662 670 674 691 736 738
1 2 3 5 55 144 153 171 212 261 293 378 420 426 439 448 477 484 529 538 558 610 628 638 639 652 658 662 670 674 717 736
1 2 3 5 55 144 153 171 212 261 293 348 378 426 439 448 477 484 529 538 558 610 628 638 639 662 670 674 691 717 736
1 2 3 5 55 144 171 212 261 293 348 378 426 439 448 477 484 529 538 558 610 638 662 670 674 691 717 736
1 2 3 5 55 144 171 212 261 293 348 378 426 439 448 477 484 529 538 558 610 628 638 639 662 670 674 691 717 736
1 2 3 5 55 144 171 212 261 293 348 378 426 439 448 477 484 529 538 558 610 628 638 662 670 674 691 717 736
1 2 3 5 55 144 153 171 212 261 293 348 378 426 439 448 477 484 529 538 558 610 628 638 662 670 674 691 717 736
1 2 3 5 144 153 170 171 189 212 261 293 348 378 420 426 439 448 484 529 538 558 610 628 638 639 652 658 662 669 670 674 691 717 736
2 3 5 55 153 170 171 189 212 261 293 348 378 420 426 439 448 484 529 538 558 610 628 638 639 652 658 662 670 674 691 717 736
2 3 5 55 153 170 171 189 212 261 293 348 378 420 426 439 448 484 529 538 558 610 628 638 639 652 658 662 669 670 674 691 717 736
1 2 3 5 55 144 153 170 171 189 212 261 293 348 378 420 426 439 448 484 529 538 558 610 628 638 639 652 658 662 670 674 717 736
1 2 3 5 144 153 170 171 189 212 261 293 348 378 420 426 439 448 484 529 538 558 610 628 638 639 652 658 662 670 674 691 717 736
1 2 3 5 55 144 153 170 171 189 212 261 293 348 378 420 426 439 448 484 529 538 558 610 628 638 639 658 662 670 674 691 717 736
1 2 3 5 55 144 153 170 171 189 212 261 293 348 378 420 426 439 448 484 529 538 558 610 628 638 639 652 662 669 670 674 691 717 736
1 2 3 5 55 144 153 170 171 189 212 261 293 378 420 426 439 448 484 529 538 558 610 628 638 639 652 658 662 670 674 717 736
1 2 3 5 144 153 170 171 189 204 212 261 293 348 378 420 426 439 448 484 529 538 558 610 628 638 639 652 658 662 670 674 691 717 736
2 3 5 55 153 170 171 189 204 212 261 293 348 378 420 426 439 448 484 529 538 558 610 628 638 639 652 658 662 670 674 691 717 736
1 2 3 5 55 144 153 170 171 189 204 212 261 293 348 378 420 426 439 448 484 529 538 558 610 628 638 639 652 658 662 670 674 717 736
1 2 3 5 55 144 153 170 171 189 204 212 261 293 348 378 420 426 439 448 484 529 538 558 610 628 638 639 658 662 670 674 691 717 736
1 2 3 5 55 144 153 170 171 189 204 212 261 293 348 378 420 426 439 448 484 529 538 558 610 628 638 639 652 662 670 674 691 717 736
1 2 3 5 55 144 153 170 171 189 204 212 261 293 378 420 426 439 448 484 529 538 558 610 628 638 639 652 658 662 670 674 717 736
1 2 3 5 55 144 153 170 171 189 212 261 293 348 378 420 426 439 448 484 529 538 558 610 628 638 639 652 662 670 674 691 717 736
1 2 3 5 144 153 170 171 189 204 212 261 293 348 378 420 426 439 448 484 529 538 558 610 628 638 639 652 658 662 669 670 674 691 717 736
2 3 5 55 153 170 171 189 204 212 261 293 348 378 420 426 439 448 484 529 538 558 610 628 638 639 652 658 662 669 670 674 691 717 736
1 2 3 5 55 144 153 170 171 189 204 212 261 293 348 378 420 426 439 448 484 529 538 558 610 628 638 639 652 662 669 670 674 691 717 736
1 2 3 5 18 55 75 144 153 170 171 212 261 293 348 378 420 426 439 448 477 484 529 538 558 610 628 638 639 652 658 662 670 674 691 717 736 738
1 2 3 5 18 55 75 96 144 153 170 171 212 261 293 348 378 420 426 439 448 477 484 529 538 558 610 628 638 639 652 658 662 670 674 691 736 738
1 2 3 5 55 144 153 170 171 212 261 293 348 378 420 426 439 448 484 529 538 558 610 628 638 639 652 658 662 670 691 717 726 736 740
1 2 3 5 144 153 171 204 212 261 293 348 378 420 426 439 448 477 484 529 538 558 610 628 638 639 652 658 662 670 674 691 717 736
2 3 5 55 153 171 204 212 261 293 348 378 420 426 439 448 477 484 529 538 558 610 628 638 639 652 658 662 670 674 691 717 736
1 2 3 5 55 144 153 171 204 212 261 293 348 378 420 426 439 448 477 484 529 538 558 610 628 638 639 652 658 662 670 674 717 736
1 2 3 5 55 144 153 171 204 212 261 293 348 378 420 426 439 448 477 484 529 538 558 610 628 638 639 658 662 670 674 691 717 736
1 2 3 5 55 144 153 171 204 212 261 293 348 378 420 426 439 448 477 484 529 538 558 610 628 638 639 652 662 670 674 691 717 736
1 2 3 5 55 144 153 171 204 212 261 348 378 420 426 439 448 484 529 538 558 610 628 638 639 652 658 662 670 674 691 717 736
1 2 3 5 55 144 153 171 212 261 293 348 378 420 426 439 448 477 484 529 538 558 610 628 638 639 652 658 662 670 674 691 736
1 2 3 5 55 144 153 171 204 212 261 293 378 420 426 439 448 477 484 529 538 558 610 628 638 639 652 658 662 670 674 717 736
1 2 3 5 55 144 153 171 204 212 261 293 348 378 426 439 448 477 484 529 538 558 610 628 638 639 662 670 674 691 717 736
1 2 3 5 81 144 153 170 171 212 261 293 348 351 378 420 426 439 448 484 529 538 558 610 628 638 639 652 658 662 670 674 691 717 736
2 3 5 153 170 171 189 204 212 261 293 348 378 420 426 439 448 477 484 529 538 558 610 628 638 639 652 658 662 670 674 691 717 736
2 3 5 153 170 171 189 204 212 261 293 348 378 420 426 439 448 477 484 529 538 558 610 628 638 639 652 658 662 669 670 674 691 717 736
1 2 3 5 144 153 170 171 189 212 261 293 348 378 420 426 439 448 484 529 538 558 610 628 638 639 652 658 662 670 674 691 717
1 2 3 5 144 153 170 171 189 204 212 261 293 348 378 420 426 439 448 477 484 529 538 558 610 628 638 639 652 658 662 670 674 717 736
1 2 3 5 144 153 170 171 212 261 293 348 378 420 426 439 448 477 484 529 538 558 610 628 638 639 652 658 662 670 674 717 736
1 2 3 5 144 212 261 293 348 378 426 529 610 638 652 662 670 674 691 717 736
1 2 3 5 144 171 261 293 348 426 477 529 610 652 662 670 674 691 717 736
1 2 3 5 144 171 212 261 293 378 426 477 529 610 638 652 662 670 674 691 717 736
1 2 3 5 144 153 170 171 189 204 212 261 293 348 378 420 426 439 448 477 484 529 538 558 610 628 638 639 658 662 670 674 691 717 736
1 2 3 5 144 212 261 293 348 378 426 477 529 610 638 652 662 670 674 691 717 736
1 2 3 5 144 153 170 171 189 204 212 261 293 348 378 420 426 439 448 477 484 529 538 558 610 628 638 639 652 662 669 670 674 691 717 736
1 2 3 5 144 153 170 171 204 212 261 348 378 420 426 439 448 484 529 538 558 610 628 638 639 652 658 662 670 674 691 717 736
1 2 3 5 144 153 171 212 293 348 378 420 426 439 448 477 484 529 538 558 610 628 638 639 652 658 662 670 674 691 717 736
1 2 3 5 144 153 170 171 212 293 348 378 420 426 439 448 477 484 529 538 558 610 628 638 639 652 658 662 670 674 691 717 736
1 2 3 5 144 153 170 171 212 261 293 348 378 420 426 439 448 477 484 529 538 558 610 628 638 639 652 658 662 670 691 717 736
1 2 3 5 144 153 170 171 212 293 348 378 420 426 439 448 484 529 538 558 610 628 638 639 652 658 662 670 674 691 717 736
1 2 3 5 144 153 170 171 212 261 293 348 378 420 426 439 448 477 484 529 538 558 610 628 638 639 652 658 662 670 674 691 736
1 2 3 5 144 153 170 171 189 204 212 261 293 378 420 426 439 448 477 484 529 538 558 610 628 638 639 652 658 662 670 674 717 736
1 2 3 144 171 212 261 293 348 378 426 477 529 610 638 652 662 670 691 717 736
1 2 3 5 144 171 212 261 293 348 378 426 477 529 610 638 652 662 670 691 717 736
1 2 3 5 144 171 212 261 293 348 378 426 439 477 529 538 610 638 662 670 674 691
1 2 3 5 144 153 170 171 212 261 293 348 378 426 439 448 477 484 529 538 558 610 628 638 639 662 670 674 691 717 736
1 2 3 5 144 153 170 171 204 212 261 293 348 378 426 439 448 477 484 529 538 558 610 628 638 639 662 670 674 691 717 736
1 2 3 5 144 170 171 212 261 293 348 378 426 439 448 477 484 529 538 558 610 638 662 670 674 691 717 736
1 2 3 5 144 170 171 212 261 293 348 378 426 439 448 477 484 529 538 558 610 628 638 639 662 670 674 691 717 736
1 2 3 5 144 170 171 212 261 293 348 378 426 439 448 477 484 529 538 558 610 628 638 662 670 674 691 717 736
1 2 3 5 144 153 170 171 212 261 293 348 378 426 439 448 477 484 529 538 558 610 628 638 662 670 674 691 717 736
2 3 5 55 153 171 212 261 293 348 378 420 426 439 448 484 529 538 558 610 628 638 639 652 658 662 670 674 691 717 736
2 3 5 153 170 171 212 261 293 348 378 420 426 439 448 484 529 538 558 610 628 638 639 652 658 662 670 674 691 717 736
2 3 5 55 153 170 171 189 212 261 293 348 378 420 426 439 448 484 529 538 558 610 628 638 639 652 658 662 670 674 691 717
2 3 5 55 153 170 171 189 204 212 261 293 348 378 420 426 439 448 477 484 529 538 558 610 628 638 639 652 658 662 670 674 717 736
2 3 5 55 153 170 171 212 261 293 348 378 420 426 439 448 477 484 529 538 558 610 628 638 639 652 658 662 670 674 717 736
2 3 5 55 212 261 293 348 378 426 529 610 638 652 662 670 674 691 717 736
2 3 5 171 212 261 293 348 378 426 529 610 638 652 670 674 691 717 736
2 3 5 55 171 261 293 348 426 477 529 610 652 662 670 674 691 717 736
2 3 5 55 171 212 261 293 378 426 477 529 610 638 652 662 670 674 691 717 736
2 3 5 153 170 171 212 261 293 348 378 420 426 439 448 477 484 529 538 558 610 628 638 639 652 658 662 670 674 691 717 736
2 3 5 55 153 170 171 189 204 212 261 293 348 378 420 426 439 448 477 484 529 538 558 610 628 638 639 658 662 670 674 691 717 736
2 3 5 55 212 261 293 348 378 426 477 529 610 638 652 662 670 674 691 717 736
2 3 5 55 153 170 171 189 204 212 261 293 348 378 420 426 439 448 477 484 529 538 558 610 628 638 639 652 662 670 674 691 717 736
2 3 5 55 153 170 171 204 212 261 348 378 420 426 439 448 484 529 538 558 610 628 638 639 652 658 662 670 674 691 717 736
2 3 5 55 153 171 212 293 348 378 420 426 439 448 477 484 529 538 558 610 628 638 639 652 658 662 670 674 691 717 736
2 3 5 55 153 170 171 212 293 348 378 420 426 439 448 477 484 529 538 558 610 628 638 639 652 658 662 670 674 691 717 736
2 3 5 55 153 170 171 212 261 293 348 378 420 426 439 448 477 484 529 538 558 610 628 638 639 652 658 662 670 691 717 736
2 3 5 55 153 170 171 212 293 348 378 420 426 439 448 484 529 538 558 610 628 638 639 652 658 662 670 674 691 717 736
2 3 5 55 153 170 171 212 261 293 348 378 420 426 439 448 477 484 529 538 558 610 628 638 639 652 658 662 670 674 691 736
2 3 5 55 153 170 171 189 204 212 261 293 378 420 426 439 448 477 484 529 538 558 610 628 638 639 652 658 662 670 674 717 736
2 3 55 171 212 261 293 348 378 426 477 529 610 638 652 662 670 691 717 736
2 3 5 55 171 212 261 293 348 378 426 477 529 610 638 652 662 670 691 717 736
2 3 5 55 171 212 261 293 348 378 426 439 477 529 538 610 638 662 670 674 691
2 3 5 55 153 170 171 212 261 293 348 378 426 439 448 477 484 529 538 558 610 628 638 639 662 670 674 691 717 736
2 3 5 55 153 170 171 204 212 261 293 348 378 426 439 448 477 484 529 538 558 610 628 638 639 662 670 674 691 717 736
2 3 5 55 170 171 212 261 293 348 378 426 439 448 477 484 529 538 558 610 638 662 670 674 691 717 736
2 3 5 55 170 171 212 261 293 348 378 426 439 448 477 484 529 538 558 610 628 638 639 662 670 674 691 717 736
2 3 5 55 170 171 212 261 293 348 378 426 439 448 477 484 529 538 558 610 628 638 662 670 674 691 717 736
2 3 5 55 153 170 171 212 261 293 348 378 426 439 448 477 484 529 538 558 610 628 638 662 670 674 691 717 736
2 3 5 261 426 670
1 2 3 5 37 55 144 153 170 171 212 261 293 348 378 420 426 439 448 484 529 538 558 610 628 638 639 652 658 662 670 674 691 717 736
1 2 3 5 37 55 144 153 170 171 212 261 293 348 378 420 426 439 448 477 484 529 538 558 610 628 638 639 652 658 662 670 674 691 717 736
1 2 3 5 55 144 153 171 212 261 293 348 378 420 426 439 448 484 529 538 558 610 628 638 639 652 658 662 670 674 717 736
1 2 3 5 55 144 153 171 212 261 293 348 378 420 426 439 448 484 529 538 558 610 628 638 639 658 662 670 674 691 717 736
1 2 3 5 55 144 153 171 212 261 293 348 378 420 426 439 448 484 529 538 558 610 628 638 639 652 662 670 674 691 717 736
1 2 3 5 55 144 153 171 212 261 293 348 378 420 426 439 448 484 529 538 558 610 628 638 639 652 658 662 670 691 717 736
1 2 3 5 55 144 153 171 212 261 293 348 378 420 426 439 448 484 529 538 558 610 628 638 639 652 658 662 670 674 691 736
1 2 3 5 55 144 153 171 212 261 293 378 420 426 439 448 484 529 538 558 610 628 638 639 652 658 662 670 674 717 736
1 2 3 5 55 144 153 171 212 261 293 348 378 426 439 448 484 529 538 558 610 628 638 639 662 670 674 691 717 736
1 2 3 5 55 144 171 212 261 293 348 378 426 439 448 484 529 538 558 610 638 662 670 674 691 717 736
1 2 3 5 55 144 171 212 261 293 348 378 426 439 448 484 529 538 558 610 628 638 639 662 670 674 691 717 736
1 2 3 5 55 144 171 212 261 293 348 378 426 439 448 484 529 538 558 610 628 638 662 670 674 691 717 736
1 2 3 5 55 144 153 171 212 261 293 348 378 426 439 448 484 529 538 558 610 628 638 662 670 674 691 717 736
1 2 3 5 144 153 170 171 212 261 293 348 378 420 426 439 448 484 529 538 558 610 628 638 639 652 658 662 670 674 691 717
1 2 3 5 144 153 170 171 212 261 293 348 378 420 426 439 448 484 529 538 558 610 628 638 639 652 658 662 670 674 717 736
1 2 3 5 144 171 261 293 348 426 529 610 652 662 670 674 691 717 736
1 2 3 5 144 171 212 261 293 378 426 529 610 638 652 662 670 674 691 717 736
1 2 3 5 144 153 170 171 212 261 293 348 378 420 426 439 448 484 529 538 558 610 628 638 639 658 662 670 674 691 717 736
1 2 3 5 144 153 170 171 212 261 293 348 378 420 426 439 448 484 529 538 558 610 628 638 639 652 662 670 674 691 717 736
1 2 3 5 144 153 170 171 212 261 348 378 420 426 439 448 484 529 538 558 610 628 638 639 652 658 662 670 674 691 717 736
1 2 3 5 144 153 171 212 293 348 378 420 426 439 448 484 529 538 558 610 628 638 639 652 658 662 670 674 691 717 736
1 2 3 5 144 153 170 171 212 261 293 348 378 420 426 439 448 484 529 538 558 610 628 638 639 652 658 662 670 691 717 736
1 2 3 5 144 153 170 171 212 261 293 348 378 420 426 439 448 484 529 538 558 610 628 638 639 652 658 662 670 674 691 736
1 2 3 5 144 153 170 171 212 261 293 378 420 426 439 448 484 529 538 558 610 628 638 639 652 658 662 670 674 717 736
1 2 3 144 171 212 261 293 348 378 426 529 610 638 652 662 670 691 717 736
1 2 3 5 144 171 212 261 293 348 378 426 529 610 638 652 662 670 691 717 736
1 2 3 5 144 171 212 261 293 348 378 426 439 529 538 610 638 662 670 674 691
1 2 3 5 144 153 170 171 212 261 293 348 378 426 439 448 484 529 538 558 610 628 638 639 662 670 674 691 717 736
1 2 3 5 144 170 171 212 261 293 348 378 426 439 448 484 529 538 558 610 638 662 670 674 691 717 736
1 2 3 5 144 170 171 212 261 293 348 378 426 439 448 484 529 538 558 610 628 638 639 662 670 674 691 717 736
1 2 3 5 144 170 171 212 261 293 348 378 426 439 448 484 529 538 558 610 628 638 662 670 674 691 717 736
1 2 3 5 144 153 170 171 212 261 293 348 378 426 439 448 484 529 538 558 610 628 638 662 670 674 691 717 736
2 3 5 153 170 171 212 261 293 348 378 420 425 426 439 448 484 529 538 558 610 628 638 639 652 658 662 670 674 717 736
1 2 3 5 55 144 153 170 171 212 261 293 348 378 420 426 439 448 477 484 529 538 558 610 628 638 639 652 658 662 670 674 691 717 726 736 740
1 2 3 5 55 144 153 170 171 212 261 293 348 378 420 426 439 448 477 484 529 530 538 558 610 628 638 639 652 658 662 670 691 717 726 736 740
1 2 3 5 55 144 153 170 171 212 261 293 348 378 420 426 439 448 484 529 538 558 610 628 638 639 652 658 662 670 674 691 717 733 736
2 3 5 55 153 170 171 189 204 212 261 293 348 378 420 426 439 448 477 484 529 538 558 610 628 638 639 652 662 669 670 674 691 717 736
1 2 3 5 55 144 153 170 171 189 212 261 293 348 378 420 426 439 448 484 529 538 558 610 628 638 639 652 658 662 670 674 717
1 2 3 5 55 144 153 170 171 212 261 293 348 378 420 426 439 448 484 529 538 558 610 628 638 639 652 658 662 670 674 717
1 2 3 5 55 144 212 261 293 348 378 426 529 610 638 652 662 670 674 691 717
1 2 3 5 55 144 171 261 293 348 426 529 610 652 662 670 674 691 717
1 2 3 5 55 144 171 212 261 293 378 426 529 610 638 652 662 670 674 691 717
1 2 3 5 55 144 153 170 171 189 212 261 293 348 378 420 426 439 448 484 529 538 558 610 628 638 639 658 662 670 674 691 717
1 2 3 5 55 144 153 170 171 189 212 261 293 348 378 420 426 439 448 484 529 538 558 610 628 638 639 652 662 670 674 691 717
2 3 5 153 170 171 212 261 293 348 378 420 426 439 448 484 529 538 558 610 628 638 639 652 658 662 670 674 717
1 2 3 5 55 144 153 170 171 212 261 348 378 420 426 439 448 484 529 538 558 610 628 638 639 652 658 662 670 674 691 717
1 2 3 5 55 144 153 171 212 293 348 378 420 426 439 448 484 529 538 558 610 628 638 639 652 658 662 670 674 691 717
1 2 3 5 55 144 153 170 171 212 293 348 378 420 426 439 448 484 529 538 558 610 628 638 639 652 658 662 670 674 691 717
1 2 3 5 55 144 153 170 171 212 261 293 348 378 420 426 439 448 484 529 538 558 610 628 638 639 652 658 662 670 691 717
1 2 3 5 55 144 153 170 171 212 261 293 348 378 420 426 439 448 484 529 538 558 610 628 638 639 652 658 662 670 674 691
1 2 3 5 55 144 153 170 171 189 212 261 293 378 420 426 439 448 484 529 538 558 610 628 638 639 652 658 662 670 674 717
1 2 3 55 144 171 212 261 293 348 378 426 529 610 638 652 662 670 691 717
1 2 3 5 55 144 171 212 261 293 348 378 426 529 610 638 652 662 670 691 717
1 2 3 5 55 144 153 170 171 212 261 293 348 378 426 439 448 484 529 538 558 610 628 638 639 662 670 674 691 717
1 2 3 5 55 144 170 171 212 261 293 348 378 426 439 448 484 529 538 558 610 638 662 670 674 691 717
1 2 3 5 55 144 170 171 212 261 293 348 378 426 439 448 484 529 538 558 610 628 638 639 662 670 674 691 717
1 2 3 5 55 144 170 171 212 261 293 348 378 426 439 448 484 529 538 558 610 628 638 662 670 674 691 717
1 2 3 5 55 144 153 170 171 212 261 293 348 378 426 439 448 484 529 538 558 610 628 638 662 670 674 691 717
1 2 3 5 55 144 212 261 293 348 378 426 529 610 638 652 662 670 674 717 736
1 2 3 5 144 171 212 261 293 348 378 426 529 610 638 652 670 674 717 736
1 2 3 5 55 144 171 261 293 348 426 477 529 610 652 662 670 674 717 736
1 2 3 5 55 144 153 170 171 189 204 212 261 293 348 378 420 426 439 448 477 484 529 538 558 610 628 638 639 658 662 670 674 717 736
1 2 3 5 55 144 212 261 293 348 378 426 477 529 610 638 652 662 670 674 717 736
1 2 3 5 55 144 153 170 171 189 204 212 261 293 348 378 420 426 439 448 477 484 529 538 558 610 628 638 639 652 662 670 674 717 736
1 2 3 5 55 144 153 170 171 204 212 261 348 378 420 426 439 448 484 529 538 558 610 628 638 639 652 658 662 670 674 717 736
1 2 3 5 55 144 153 171 212 293 348 378 420 426 439 448 477 484 529 538 558 610 628 638 639 652 658 662 670 674 717 736
1 2 3 5 55 144 153 170 171 212 293 348 378 420 426 439 448 477 484 529 538 558 610 628 638 639 652 658 662 670 674 717 736
1 2 3 5 55 144 153 170 171 212 261 293 348 378 420 426 439 448 477 484 529 538 558 610 628 638 639 652 658 662 670 717 736
1 2 3 5 55 144 153 170 171 212 293 348 378 420 426 439 448 484 529 538 558 610 628 638 639 652 658 662 670 674 717 736
1 2 3 5 55 144 153 170 171 212 261 293 348 378 420 426 439 448 477 484 529 538 558 610 628 638 639 652 658 662 670 674 736
1 2 3 55 144 171 212 261 293 348 378 426 477 529 610 638 652 662 670 717 736
1 2 3 5 55 144 171 212 261 293 348 378 426 477 529 610 638 652 662 670 717 736
1 2 3 5 55 144 171 212 261 293 348 378 426 439 477 529 538 610 638 662 670 674
1 2 3 5 55 144 153 170 171 212 261 293 348 378 426 439 448 477 484 529 538 558 610 628 638 639 662 670 674 717 736
1 2 3 5 55 144 153 170 171 204 212 261 293 348 378 426 439 448 477 484 529 538 558 610 628 638 639 662 670 674 717 736
1 2 3 5 55 144 170 171 212 261 293 348 378 426 439 448 477 484 529 538 558 610 638 662 670 674 717 736
1 2 3 5 55 144 170 171 212 261 293 348 378 426 439 448 477 484 529 538 558 610 628 638 639 662 670 674 717 736
1 2 3 5 55 144 170 171 212 261 293 348 378 426 439 448 477 484 529 538 558 610 628 638 662 670 674 717 736
1 2 3 5 55 144 153 170 171 212 261 293 348 378 426 439 448 477 484 529 538 558 610 628 638 662 670 674 717 736
1 2 3 5 55 144 153 170 171 212 261 293 348 378 420 426 439 448 477 484 529 538 558 610 628 638 639 658 662 670 674 717 736
1 2 3 5 55 144 153 170 171 212 261 293 348 378 420 426 439 448 477 484 529 538 558 610 628 638 639 652 662 670 674 717 736
1 2 3 5 55 144 153 170 171 212 261 348 378 420 426 439 448 484 529 538 558 610 628 638 639 652 658 662 670 674 717 736
1 2 3 5 55 144 153 170 171 212 261 293 348 378 420 426 439 448 484 529 530 538 558 610 628 638 639 652 658 662 670 691 717 726 736 740
1 2 3 5 8 55 144 153 170 171 212 231 261 293 348 378 420 426 439 448 484 529 535 538 558 610 628 638 639 652 658 662 670 674 691 717 736
1 2 3 5 55 144 153 170 171 212 231 261 293 348 378 420 426 439 448 484 529 535 538 558 610 628 638 639 652 658 662 670 674 691 717 736
1 2 3 5 18 55 75 144 153 170 171 212 261 293 348 378 420 426 439 448 477 484 529 538 558 610 628 638 639 652 658 662 670 674 691 736 738
1 2 3 5 144 153 170 171 189 204 212 261 293 348 378 420 426 439 448 477 484 529 538 558 610 628 638 639 652 662 670 674 691 717 736
1 2 3 5 55 80 144 261 293 348 426 529 610 652 662 670 674 691 717 736
1 2 3 5 55 80 144 212 261 293 378 426 451 525 529 610 638 652 662 670 674 691 717 736
1 2 3 5 55 144 212 261 293 348 378 426 452 529 610 638 652 662 670 674 691 717 736
1 2 3 5 55 144 212 261 293 348 378 426 529 610 638 662 670 674 691 717 736
2 3 5 212 261 293 348 378 426 529 610 638 652 662 670 674 717 736
1 2 3 5 55 144 212 261 348 378 426 529 610 638 652 662 670 674 691 717 736
1 2 3 5 55 144 212 293 348 378 426 529 610 638 652 662 670 674 691 717 736
1 2 3 5 55 144 212 261 293 348 378 426 529 610 638 652 662 670 691 717 736
1 2 3 5 55 144 212 261 293 348 378 426 529 610 638 652 662 670 674 691 736
1 2 3 5 55 144 212 261 293 378 426 529 610 638 652 662 670 674 717 736
1 2 3 55 80 144 212 252 261 293 348 354 378 426 451 452 525 529 610 638 652 662 670 691 710 717 736
1 2 3 5 55 80 144 212 252 261 293 348 354 378 426 451 452 525 529 610 638 652 662 670 691 710 717 736
1 2 3 5 55 144 212 261 293 348 378 426 529 610 638 662 670 674 691
1 2 3 5 18 55 75 144 153 170 171 212 261 293 348 378 420 426 439 448 484 529 538 558 610 628 638 639 652 658 662 670 674 691 736 738
1 2 3 5 55 144 153 171 212 261 293 348 378 420 426 439 448 484 529 538 548 553 558 610 628 638 639 652 658 662 670 674 691 717 736
1 2 3 5 55 144 153 171 212 293 348 378 420 426 439 448 484 529 538 548 553 558 610 628 638 639 652 658 662 670 674 691 717 736
1 2 3 5 55 144 153 170 171 212 293 348 378 420 426 439 448 484 529 538 548 553 558 610 628 638 639 652 658 662 670 674 691 717 736
1 2 3 5 80 144 171 261 293 348 426 529 610 652 670 674 691 717 736
1 2 3 5 80 144 171 212 261 293 378 426 451 525 529 610 638 652 670 674 691 717 736
1 2 3 5 144 171 212 261 293 348 378 426 529 610 638 670 674 691 717 736
1 2 3 5 144 171 212 261 293 348 378 426 529 610 638 652 670 691 717 736
1 2 3 5 144 171 212 261 293 348 378 426 529 610 638 652 670 674 691 736
1 2 3 5 144 171 212 261 293 378 426 529 610 638 652 670 674 717 736
1 2 3 80 144 171 212 252 261 293 348 354 378 426 451 452 525 529 610 638 652 670 691 710 717 736
1 2 3 5 80 144 171 212 252 261 293 348 354 378 426 451 452 525 529 610 638 652 670 691 710 717 736
1 2 3 5 144 171 212 261 293 348 378 426 529 610 638 670 674 691
1 2 3 5 55 144 153 171 212 261 293 348 378 420 426 439 448 477 484 529 538 548 553 558 610 628 638 639 652 658 662 670 674 691 717 736
1 2 3 5 55 144 153 171 212 293 348 378 420 426 439 448 477 484 529 538 548 553 558 610 628 638 639 652 658 662 670 674 691 717 736
1 2 3 5 55 144 153 170 171 212 293 348 378 420 426 439 448 477 484 529 538 548 553 558 610 628 638 639 652 658 662 670 674 691 717 736
2 3 5 153 170 171 212 261 293 348 378 420 425 426 439 448 484 529 538 558 610 615 628 638 639 652 658 662 670 674 717 736
1 2 3 5 55 80 137 144 171 261 293 407 426 477 529 610 652 662 670 674 691 717 736
1 2 3 5 55 144 171 261 293 348 426 477 529 610 662 670 674 691 717 736
1 2 3 5 55 80 144 261 293 348 426 477 529 610 652 662 670 674 691 717 736
2 3 5 171 261 293 348 426 529 610 652 662 670 674 717 736
1 2 3 5 55 144 171 261 348 426 529 610 652 662 670 674 691 717 736
1 2 3 5 55 144 171 293 348 426 477 529 610 652 662 670 674 691 717 736
1 2 3 5 55 144 171 261 293 348 426 477 529 610 652 662 670 691 717 736
1 2 3 5 55 144 171 293 348 426 529 610 652 662 670 674 691 717 736
1 2 3 5 55 144 171 261 293 348 426 477 529 610 652 662 670 674 691 736
1 2 3 5 55 144 171 261 293 426 477 529 610 652 662 670 674 717 736
1 2 3 55 80 144 171 261 293 348 426 477 529 610 652 662 670 691 717 736
1 2 3 5 55 80 144 171 261 293 348 426 477 529 610 652 662 670 691 717 736
1 2 3 5 55 144 171 261 293 348 426 477 529 610 662 670 674 691
1 2 3 5 55 144 153 170 171 212 261 293 348 378 420 426 428 439 448 484 529 538 552 558 610 628 638 639 652 658 662 670 674 686 691 717 736
1 2 3 5 55 80 97 137 144 171 201 212 261 293 378 407 426 451 477 525 529 576 610 638 652 662 670 674 691 717 718 736
1 2 3 5 55 144 171 212 261 293 378 426 477 529 610 638 662 670 674 691 717 736
1 2 3 5 55 80 144 212 261 293 378 426 451 477 525 529 610 638 652 662 670 674 691 717 736
2 3 5 171 212 261 293 378 426 529 610 638 652 662 670 674 717 736
1 2 3 5 55 144 171 212 261 378 426 529 610 638 652 662 670 674 691 717 736
1 2 3 5 55 144 171 212 293 378 426 477 529 610 638 652 662 670 674 691 717 736
1 2 3 5 55 144 171 212 261 293 378 426 477 529 610 638 652 662 670 691 717 736
1 2 3 5 55 144 171 212 293 378 426 529 610 638 652 662 670 674 691 717 736
1 2 3 5 55 144 171 212 261 293 378 426 477 529 610 638 652 662 670 674 691 736
1 2 3 55 80 144 171 212 261 293 378 426 451 477 525 529 610 638 652 662 670 691 717 736
1 2 3 5 55 80 144 171 212 261 293 378 426 451 477 525 529 610 638 652 662 670 691 717 736
1 2 3 5 55 144 171 212 261 293 378 426 477 529 610 638 662 670 674 691
1 2 3 5 144 153 170 171 212 261 293 348 378 420 426 439 448 477 484 529 538 558 610 628 638 639 658 662 670 674 691 717 736
1 2 3 5 144 153 170 171 212 261 293 348 378 420 426 439 448 477 484 529 538 558 610 628 638 639 652 662 670 674 691 717 736
1 2 3 5 144 153 170 171 212 261 293 378 420 426 439 448 477 484 529 538 558 610 628 638 639 652 658 662 670 674 717 736
1 2 3 55 144 171 212 261 293 348 378 426 452 529 610 638 652 662 670 691 717 736
1 2 3 5 55 144 171 212 261 293 348 378 426 452 529 610 638 652 662 670 691 717 736
1 2 3 5 53 55 144 153 170 171 212 261 293 348 378 420 426 439 448 484 529 538 558 610 628 638 639 652 658 662 670 674 691 717 736
1 2 3 5 55 144 153 171 212 261 293 348 378 420 426 439 448 484 529 538 548 553 558 610 628 638 639 643 652 658 662 670 674 691 717 736
1 2 3 5 55 144 212 261 293 348 378 426 477 529 610 638 662 670 674 691 717 736
1 2 3 5 55 144 153 170 171 189 204 212 261 293 348 378 420 426 439 448 477 484 529 538 558 610 628 638 639 662 670 674 691 717 736
2 3 5 153 170 171 212 261 293 348 378 420 426 439 448 484 529 538 558 610 628 638 639 658 662 670 674 717 736
1 2 3 5 55 144 153 170 171 204 212 261 348 378 420 426 439 448 484 529 538 558 610 628 638 639 658 662 670 674 691 717 736
1 2 3 5 55 144 153 171 212 293 348 378 420 426 439 448 477 484 529 538 558 610 628 638 639 658 662 670 674 691 717 736
1 2 3 5 55 144 153 170 171 212 293 348 378 420 426 439 448 477 484 529 538 558 610 628 638 639 658 662 670 674 691 717 736
1 2 3 5 55 144 153 170 171 212 261 293 348 378 420 426 439 448 477 484 529 538 558 610 628 638 639 658 662 670 691 717 736
1 2 3 5 55 144 153 170 171 212 293 348 378 420 426 439 448 484 529 538 558 610 628 638 639 658 662 670 674 691 717 736
1 2 3 5 55 144 153 170 171 212 261 293 348 378 420 426 439 448 477 484 529 538 558 610 628 638 639 658 662 670 674 691 736
1 2 3 5 55 144 153 170 171 189 204 212 261 293 378 420 426 439 448 477 484 529 538 558 610 628 638 639 658 662 670 674 717 736
1 2 3 55 144 171 212 261 293 348 378 426 477 529 610 638 662 670 691 717 736
1 2 3 5 55 144 171 212 261 293 348 378 426 477 529 610 638 662 670 691 717 736
1 2 3 5 55 144 212 293 348 378 426 477 529 610 638 652 662 670 674 691 717 736
1 2 3 5 55 144 212 261 293 348 378 426 477 529 610 638 652 662 670 691 717 736
1 2 3 5 55 144 212 261 293 348 378 426 477 529 610 638 652 662 670 674 691 736
1 2 3 5 55 144 212 261 293 378 426 477 529 610 638 652 662 670 674 717 736
1 2 3 55 80 144 212 252 261 293 348 354 378 426 451 452 477 525 529 610 638 652 662 670 691 710 717 736
1 2 3 5 55 80 144 212 252 261 293 348 354 378 426 451 452 477 525 529 610 638 652 662 670 691 710 717 736
1 2 3 5 55 144 212 261 293 348 378 426 477 529 610 638 662 670 674 691
1 2 3 5 144 153 170 171 212 261 293 348 378 420 426 439 448 484 529 538 558 610 628 638 639 652 658 662 670 674 691 717 719 723 736
1 2 3 5 55 144 153 170 171 189 212 261 293 378 420 426 439 448 484 529 538 558 610 628 630 638 639 652 658 662 670 674 717 736
1 2 3 5 55 144 153 170 171 212 261 293 348 378 420 426 439 448 477 484 529 538 558 610 628 638 639 652 658 662 670 691 717 726 736 740
2 3 5 153 170 171 212 261 293 348 378 420 426 439 448 484 529 538 558 610 628 638 639 652 662 670 674 717 736
1 2 3 5 55 144 153 170 171 204 212 261 348 378 420 426 439 448 484 529 538 558 610 628 638 639 652 662 670 674 691 717 736
1 2 3 5 55 144 153 171 212 293 348 378 420 426 439 448 477 484 529 538 558 610 628 638 639 652 662 670 674 691 717 736
1 2 3 5 55 144 153 170 171 212 293 348 378 420 426 439 448 477 484 529 538 558 610 628 638 639 652 662 670 674 691 717 736
1 2 3 5 55 144 153 170 171 212 261 293 348 378 420 426 439 448 477 484 529 538 558 610 628 638 639 652 662 670 691 717 736
1 2 3 5 55 144 153 170 171 212 293 348 378 420 426 439 448 484 529 538 558 610 628 638 639 652 662 670 674 691 717 736
1 2 3 5 55 144 153 170 171 212 261 293 348 378 420 426 439 448 477 484 529 538 558 610 628 638 639 652 662 670 674 691 736
1 2 3 5 55 144 153 170 171 189 204 212 261 293 378 420 426 439 448 477 484 529 538 558 610 628 638 639 652 662 670 674 717 736
1 2 3 5 18 55 75 96 144 153 171 200 212 261 293 348 378 420 426 439 448 484 529 538 558 585 610 628 638 639 652 658 662 670 674 691 717 736 738
1 2 3 5 18 55 75 96 144 153 171 200 212 261 293 348 378 420 426 439 448 477 484 529 538 558 585 610 628 638 639 652 658 662 670 674 691 736 738
1 2 3 5 144 153 170 171 212 261 293 348 378 420 426 439 448 477 484 529 538 558 610 628 638 639 652 658 662 670 674 691 717 719 723 736
1 2 3 5 18 55 75 96 144 153 170 171 200 212 261 293 348 350 378 420 426 439 448 484 529 538 558 585 610 628 638 639 652 658 662 670 674 691 736 738
1 2 3 5 144 153 170 171 212 250 261 293 348 378 420 426 439 448 484 529 538 558 610 628 638 639 652 658 662 670 674 691 717 719 723 736
2 3 5 153 170 171 212 261 348 378 420 426 439 448 484 529 538 558 610 628 638 639 652 658 662 670 674 717 736
2 3 5 153 171 212 293 348 378 420 426 439 448 484 529 538 558 610 628 638 639 652 658 662 670 674 717 736
2 3 5 153 170 171 212 293 348 378 420 426 439 448 484 529 538 558 610 628 638 639 652 658 662 670 674 717 736
2 3 5 153 170 171 212 261 293 348 378 420 426 439 448 484 529 538 558 610 628 638 639 652 658 662 670 717 736
2 3 5 153 170 171 212 261 293 348 378 420 426 439 448 484 529 538 558 610 628 638 639 652 658 662 670 674 736
2 3 5 153 170 171 212 261 293 378 420 426 439 448 484 529 538 558 610 628 638 639 652 658 662 670 674 717 736
2 3 171 212 261 293 348 378 426 529 610 638 652 662 670 717 736
2 3 5 171 212 261 293 348 378 426 529 610 638 652 662 670 717 736
2 3 5 171 212 261 293 348 378 426 439 529 538 610 638 662 670 674
2 3 5 153 170 171 212 261 293 348 378 426 439 448 484 529 538 558 610 628 638 639 662 670 674 717 736
2 3 5 170 171 212 261 293 348 378 426 439 448 484 529 538 558 610 638 662 670 674 717 736
2 3 5 170 171 212 261 293 348 378 426 439 448 484 529 538 558 610 628 638 639 662 670 674 717 736
2 3 5 170 171 212 261 293 348 378 426 439 448 484 529 538 558 610 628 638 662 670 674 717 736
2 3 5 153 170 171 212 261 293 348 378 426 439 448 484 529 538 558 610 628 638 662 670 674 717 736
1 2 3 5 55 144 171 212 261 293 348 378 426 445 477 529 610 638 652 662 670 674 691 717 736
1 2 3 5 55 144 153 171 212 348 378 420 426 439 448 484 529 538 558 610 628 638 639 652 658 662 670 674 691 717 736
1 2 3 5 55 144 153 170 171 212 348 378 420 426 439 448 484 529 538 558 610 628 638 639 652 658 662 670 674 691 717 736
1 2 3 5 55 144 153 170 171 212 261 348 378 420 426 439 448 484 529 538 558 610 628 638 639 652 658 662 670 691 717 736
1 2 3 5 55 144 153 170 171 212 261 348 378 420 426 439 448 484 529 538 558 610 628 638 639 652 658 662 670 674 691 736
1 2 3 5 55 144 153 170 171 204 212 261 378 420 426 439 448 484 529 538 558 610 628 638 639 652 658 662 670 674 717 736
1 2 3 55 144 171 212 261 348 378 426 529 610 638 652 662 670 691 717 736
1 2 3 5 55 144 171 212 261 348 378 426 529 610 638 652 662 670 691 717 736
1 2 3 5 55 144 171 212 261 348 378 426 439 529 538 610 638 662 670 674 691
1 2 3 5 55 144 153 170 171 212 261 348 378 426 439 448 484 529 538 558 610 628 638 639 662 670 674 691 717 736
1 2 3 5 55 144 153 170 171 204 212 261 348 378 426 439 448 484 529 538 558 610 628 638 639 662 670 674 691 717 736
1 2 3 5 55 144 170 171 212 261 348 378 426 439 448 484 529 538 558 610 638 662 670 674 691 717 736
1 2 3 5 55 144 170 171 212 261 348 378 426 439 448 484 529 538 558 610 628 638 639 662 670 674 691 717 736
1 2 3 5 55 144 170 171 212 261 348 378 426 439 448 484 529 538 558 610 628 638 662 670 674 691 717 736
1 2 3 5 55 144 153 170 171 212 261 348 378 426 439 448 484 529 538 558 610 628 638 662 670 674 691 717 736
1 2 3 5 55 144 153 171 212 293 348 378 420 426 439 448 477 484 529 538 558 610 628 638 639 652 658 662 670 691 717 736
1 2 3 5 55 144 153 171 212 293 348 378 420 423 426 439 448 484 529 538 548 553 558 598 610 628 638 639 652 658 662 670 674 691 717 736 743
1 2 3 5 55 144 153 171 212 293 348 378 420 426 439 448 477 484 529 538 558 610 628 638 639 652 658 662 670 674 691 736
1 2 3 5 55 144 153 171 212 293 378 420 426 439 448 477 484 529 538 558 610 628 638 639 652 658 662 670 674 717 736
1 2 3 55 144 171 212 293 348 378 426 477 529 610 638 652 662 670 691 717 736
1 2 3 5 55 144 171 212 293 348 378 426 477 529 610 638 652 662 670 691 717 736
1 2 3 5 55 144 171 212 293 348 378 426 439 477 529 538 610 638 662 670 674 691
1 2 3 5 55 144 153 171 212 293 348 378 426 439 448 477 484 529 538 558 610 628 638 639 662 670 674 691 717 736
1 2 3 5 55 144 171 212 293 348 378 426 439 448 477 484 529 538 558 610 638 662 670 674 691 717 736
1 2 3 5 55 144 171 212 293 348 378 426 439 448 477 484 529 538 558 610 628 638 639 662 670 674 691 717 736
1 2 3 5 55 144 171 212 293 348 378 426 439 448 477 484 529 538 558 610 628 638 662 670 674 691 717 736
1 2 3 5 55 144 153 171 212 293 348 378 426 439 448 477 484 529 538 558 610 628 638 662 670 674 691 717 736
1 2 3 5 426 670
1 2 3 5 55 144 153 170 171 212 293 348 378 420 426 439 448 477 484 529 538 558 610 628 638 639 652 658 662 670 691 717 736
1 2 3 5 55 144 153 170 171 212 293 348 378 420 426 439 448 477 484 529 538 558 610 628 638 639 652 658 662 670 674 691 736
1 2 3 5 55 144 153 170 171 212 293 378 420 426 439 448 477 484 529 538 558 610 628 638 639 652 658 662 670 674 717 736
1 2 3 5 55 144 153 170 171 212 293 348 378 426 439 448 477 484 529 538 558 610 628 638 639 662 670 674 691 717 736
1 2 3 5 55 144 170 171 212 293 348 378 426 439 448 477 484 529 538 558 610 638 662 670 674 691 717 736
1 2 3 5 55 144 170 171 212 293 348 378 426 439 448 477 484 529 538 558 610 628 638 639 662 670 674 691 717 736
1 2 3 5 55 144 170 171 212 293 348 378 426 439 448 477 484 529 538 558 610 628 638 662 670 674 691 717 736
1 2 3 5 55 144 153 170 171 212 293 348 378 426 439 448 477 484 529 538 558 610 628 638 662 670 674 691 717 736
1 2 3 5 55 144 153 170 171 212 293 348 378 420 426 439 448 484 529 538 558 610 628 638 639 652 658 662 670 691 717 736
1 2 3 5 55 144 153 170 171 212 261 293 348 378 420 426 439 448 477 484 529 538 558 610 628 638 639 652 658 662 670 691 736
1 2 3 5 55 144 153 170 171 212 261 293 378 420 426 439 448 477 484 529 538 558 610 628 638 639 652 658 662 670 717 736
1 2 3 5 55 144 171 212 261 293 348 378 426 439 477 529 538 610 638 662 670 691
1 2 3 5 55 144 153 170 171 212 261 293 348 378 426 439 448 477 484 529 538 558 610 628 638 639 662 670 691 717 736
1 2 3 5 55 144 170 171 212 261 293 348 378 426 439 448 477 484 529 538 558 610 638 662 670 691 717 736
1 2 3 5 55 144 170 171 212 261 293 348 378 426 439 448 477 484 529 538 558 610 628 638 639 662 670 691 717 736
1 2 3 5 55 144 170 171 212 261 293 348 378 426 439 448 477 484 529 538 558 610 628 638 662 670 691 717 736
1 2 3 5 55 144 153 170 171 212 261 293 348 378 426 439 448 477 484 529 538 558 610 628 638 662 670 691 717 736
1 2 3 5 55 144 153 170 171 212 293 348 378 420 426 439 448 484 529 538 558 610 628 638 639 652 658 662 670 674 691 736
1 2 3 5 55 144 153 170 171 212 293 378 420 426 439 448 484 529 538 558 610 628 638 639 652 658 662 670 674 717 736
1 2 3 55 144 171 212 293 348 378 426 529 610 638 652 662 670 691 717 736
1 2 3 5 55 144 171 212 293 348 378 426 529 610 638 652 662 670 691 717 736
1 2 3 5 55 144 171 212 293 348 378 426 439 529 538 610 638 662 670 674 691
1 2 3 5 55 144 153 170 171 212 293 348 378 426 439 448 484 529 538 558 610 628 638 639 662 670 674 691 717 736
1 2 3 5 55 144 170 171 212 293 348 378 426 439 448 484 529 538 558 610 638 662 670 674 691 717 736
1 2 3 5 55 144 170 171 212 293 348 378 426 439 448 484 529 538 558 610 628 638 639 662 670 674 691 717 736
1 2 3 5 55 144 170 171 212 293 348 378 426 439 448 484 529 538 558 610 628 638 662 670 674 691 717 736
1 2 3 5 55 144 153 170 171 212 293 348 378 426 439 448 484 529 538 558 610 628 638 662 670 674 691 717 736
1 2 3 5 55 144 153 170 171 212 261 293 378 420 426 439 448 477 484 529 538 558 610 628 638 639 652 658 662 670 674 736
1 2 3 55 144 171 212 261 293 348 378 426 477 529 610 638 652 662 670 691 736
1 2 3 5 55 144 171 212 261 293 348 378 426 477 529 610 638 652 662 670 691 736
1 2 3 5 55 144 153 170 171 212 261 293 348 378 426 439 448 477 484 529 538 558 610 628 638 639 662 670 674 691 736
1 2 3 5 55 144 170 171 212 261 293 348 378 426 439 448 477 484 529 538 558 610 638 662 670 674 691 736
1 2 3 5 55 144 170 171 212 261 293 348 378 426 439 448 477 484 529 538 558 610 628 638 639 662 670 674 691 736
1 2 3 5 55 144 170 171 212 261 293 348 378 426 439 448 477 484 529 538 558 610 628 638 662 670 674 691 736
1 2 3 5 55 144 153 170 171 212 261 293 348 378 426 439 448 477 484 529 538 558 610 628 638 662 670 674 691 736
1 2 3 55 144 171 212 261 293 378 426 477 529 610 638 652 662 670 717 736
1 2 3 5 55 144 171 212 261 293 378 426 477 529 610 638 652 662 670 717 736
1 2 3 5 55 144 171 212 261 293 378 426 439 477 529 538 610 638 662 670 674
1 2 3 5 55 144 153 170 171 212 261 293 378 426 439 448 477 484 529 538 558 610 628 638 639 662 670 674 717 736
1 2 3 5 55 144 153 170 171 204 212 261 293 378 426 439 448 477 484 529 538 558 610 628 638 639 662 670 674 717 736
1 2 3 5 55 144 170 171 212 261 293 378 426 439 448 477 484 529 538 558 610 638 662 670 674 717 736
1 2 3 5 55 144 170 171 212 261 293 378 426 439 448 477 484 529 538 558 610 628 638 639 662 670 674 717 736
1 2 3 5 55 144 170 171 212 261 293 378 426 439 448 477 484 529 538 558 610 628 638 662 670 674 717 736
1 2 3 5 55 144 153 170 171 212 261 293 378 426 439 448 477 484 529 538 558 610 628 638 662 670 674 717 736
1 2 3 55 80 144 171 212 237 252 261 293 316 348 354 378 426 451 452 475 477 525 529 610 634 638 652 662 670 675 678 691 710 717 730 736
1 2 3 55 144 171 212 261 293 348 378 426 477 529 610 638 662 670 691
1 2 3 261 426 670
1 2 3 5 55 144 171 212 261 293 348 378 426 477 529 610 638 662 670 691
