1 2 3 5
1 2 3 5 11
1 2 3 5 40 135 179 276 303 323 336 337 363 442 465 466 468 473 478 486 539 556 568 569 570 584 606 607 647 694 720 721 722
1 2 3 5 55 144 153 170 171 189 212 261 293 348 378 420 426 439 448 484 529 538 558 610 628 638 639 652 658 662 670 674 691 717 736
1 2 3 5 55 144 153 170 171 212 261 293 348 378 420 426 439 448 477 484 529 538 558 610 628 638 639 652 658 661 662 670 674 677 691 717 726 736 740
1 2 3 5 100 239 242 282 317 321 403 429 452 554 631
1 2 3 5 11 42 68 103 121 228 238 264 295 310 327 329 353 422 468 496 563 570 673 679 680 681 682 685
1 2 3 5 11 42 68 103 228 238 264 295 310 327 329 353 422 468 496 536 563 570 617 673 679 680 681 682 685
1 2 3 5 55 144 153 170 171 189 204 212 261 293 348 378 420 426 439 448 477 484 529 538 558 610 628 638 639 652 658 662 669 670 674 691 717 736
1 2 3 5 55 144 153 170 171 189 204 212 261 293 348 378 420 426 439 448 477 484 529 538 558 610 628 633 638 639 652 658 662 669 670 674 691 717 736
5 68 228 327 496 563 570
1 2 3 5 55 144 153 170 171 189 204 212 261 293 348 378 420 426 439 448 477 484 529 538 558 610 628 638 639 652 658 662 670 674 691 717 736
1 2 3 5 55 144 153 170 171 189 212 261 293 348 378 420 426 439 448 484 529 538 558 610 628 638 639 652 658 662 669 670 674 691 717 736
