1 2 3 5 55 144 153 170 171 212 232 250 261 293 348 378 420 426 439 448 477 484 529 538 558 610 628 638 639 652 658 662 670 674 691 717 719 723 736
1 2 3 5 42 68 103 228 238 240 264 295 310 327 329 353 422 468 496 536 563 570 617 673 679 680 681 682 685
1 2 3 5 55 144 153 170 171 189 204 212 261 293 348 378 420 426 439 448 484 529 538 558 610 628 638 639 652 658 662 669 670 674 691 717 736
1 2 3 5 55 144 153 170 171 212 261 293 348 378 420 426 439 448 477 484 529 538 558 610 628 638 639 652 658 661 662 670 674 677 691 717 726 736 740
1 2 3 5 16 17 30 160 278 324 344 382 426 520 522 545 611 650 688 697 698
2 3 5 11 42 68 103 228 264 295 310 327 329 353 422 468 496 563 570 673 679 680 681 682 685
1 2 3 5 11 42 68 103 228 238 264 295 310 327 329 333 353 422 468 496 563 570 595 673 679 680 681 682 685
2 3 5 55 171 261 293 348 426 477 529 610 652 662 670 674 691 717 736
1 2 3 531
1 2 3 5 55 144 153 170 171 204 212 261 293 348 378 420 426 439 448 484 529 538 558 610 628 638 639 652 658 662 670 674 691 717 736
1 2 3 5 31 55 144 153 170 171 189 204 212 261 293 348 378 420 426 439 448 452 484 529 538 558 610 628 638 639 652 658 662 669 670 674 691 717 736 747
1 2 3 5 55 144 171 212 293 348 378 426 439 529 538 610 638 662 670 674 691
1 2 3 5 239 242 282 317 403 452 554 631
1 2 3 5 42 68 103 228 238 264 295 310 327 329 353 422 496 563 570 673 679 680 681 682 685
1 2 3 5 55 144 153 170 171 212 261 293 348 378 420 426 439 448 477 484 529 538 548 553 558 610 628 638 639 652 658 662 670 674 691 717 736
